-110	0.002574736
-109	0.002605065
-108	0.002633797
-107	0.002664125
-106	0.002694454
-105	0.002726379
-104	0.002758304
-103	0.002790228
-102	0.00282375
-101	0.002857271
-100	0.002892388
-99	0.002927505
-98	0.002962622
-97	0.002999336
-96	0.003036049
-95	0.003074359
-94	0.003112669
-93	0.003152575
-92	0.003194077
-91	0.003233983
-90	0.003277082
-89	0.00332018
-88	0.003363279
-87	0.00340957
-86	0.003454265
-85	0.003502152
-84	0.003550039
-83	0.003599522
-82	0.003649006
-81	0.003701682
-80	0.003754358
-79	0.00380863
-78	0.003862902
-77	0.003920367
-76	0.003977831
-75	0.004036892
-74	0.004099146
-73	0.004161399
-72	0.004225249
-71	0.004290695
-70	0.004359333
-69	0.004427971
-68	0.004499802
-67	0.004573229
-66	0.004649849
-65	0.004726468
-64	0.00480628
-63	0.004889285
-62	0.004973886
-61	0.005060082
-60	0.005151068
-59	0.00524365
-58	0.005337828
-57	0.005436795
-56	0.005538955
-55	0.005644307
-54	0.005752851
-53	0.005864588
-52	0.005981113
-51	0.006100831
-50	0.006225338
-49	0.006354634
-48	0.006488718
-47	0.006625994
-46	0.006771252
-45	0.006919703
-44	0.007076134
-43	0.007237355
-42	0.00740496
-41	0.007580546
-40	0.007764114
-39	0.007954067
-38	0.008153597
-37	0.008362704
-36	0.008579793
-35	0.008808055
-34	0.009047491
-33	0.009298101
-32	0.009563077
-31	0.009840823
-30	0.010132935
-29	0.010441009
-28	0.010766642
-27	0.011113027
-26	0.011476969
-25	0.011864856
-24	0.012276686
-23	0.012717248
-22	0.013184947
-21	0.013686166
-20	0.014224099
-19	0.014800342
-18	0.015422876
-17	0.016094893
-16	0.016824375
-15	0.017616111
-14	0.018481273
-13	0.01942944
-12	0.020474977
-11	0.021630655
-10	0.022915629
-9	0.024355438
-8	0.025978815
-7	0.027820876
-6	0.029927914
-5	0.032355796
-4	0.03517316
-3	0.038458223
-2	0.042295585
-1	0.04677304
0	0.051960822
1	0.057894048
2	0.064548775
3	0.071849979
4	0.079729022
5	0.088158768
6	0.09716795
7	0.106841168
8	0.117376355
9	0.129108723
10	0.142450102
11	0.157724527
12	0.174909653
13	0.19336379
14	0.211760462
15	0.228513006
16	0.242488092
17	0.25340957
18	0.261753119
19	0.268351977
20	0.273989899
21	0.279200028
22	0.284301613
23	0.289446296
24	0.294610134
25	0.2995074
26	0.303601757
27	0.306350483
28	0.307479025
29	0.307046444
30	0.305311331
31	0.302565797
32	0.299049279
33	0.294878303
34	0.290049675
35	0.284491565
36	0.27820557
37	0.271403989
38	0.264532174
39	0.258107306
40	0.252581121
41	0.248315966
42	0.245546489
43	0.244247149
44	0.244108276
45	0.244674942
46	0.245520949
47	0.246330243
48	0.246933622
49	0.247308738
50	0.247535405
51	0.247640756
52	0.247449208
53	0.246598411
54	0.244737195
55	0.241741051
56	0.237758431
57	0.233051118
58	0.227856951
59	0.222468043
60	0.217291435
61	0.212668723
62	0.208553615
63	0.204302826
64	0.198877204
65	0.191459475
66	0.182107101
67	0.171787406
68	0.161812499
69	0.153229514
70	0.146547651
71	0.141819587
72	0.138879311
73	0.137557624
74	0.137774713
75	0.139575272
76	0.143146062
77	0.148803139
78	0.156908848
79	0.167667509
80	0.180830109
81	0.195462846
82	0.210097179
83	0.223344379
84	0.234575528
85	0.244141797
86	0.252839712
87	0.260918285
88	0.267735829
89	0.272652249
90	0.275974026
91	0.278622189
92	0.281078803
93	0.283007062
94	0.283666309
95	0.282472321
96	0.27927984
97	0.274416095
98	0.268604183
99	0.262808234
100	0.257973221
101	0.254838205
102	0.253965061
103	0.255762428
104	0.260330869
105	0.267197896
106	0.27527168
107	0.283299174
108	0.290646669
109	0.2975967
110	0.304798938
111	0.312502394
112	0.320263316
113	0.32712715
114	0.332038782
115	0.334263942
116	0.333571173
117	0.330077003
118	0.323921899
119	0.315080323
120	0.303692743
121	0.290656246
122	0.277584633
123	0.265991138
124	0.256633976
125	0.249663193
126	0.24512987
127	0.243080297
128	0.24327025
129	0.244995786
130	0.247287987
131	0.249300847
132	0.250604975
133	0.251221124
134	0.251412673
135	0.251420654
136	0.251323283
137	0.25111258
138	0.250846007
139	0.250670421
140	0.250660844
141	0.25058582
142	0.249790892
143	0.247353433
144	0.242413069
145	0.23466811
146	0.224776207
147	0.214234635
148	0.20463644
149	0.19689627
150	0.191090743
151	0.186884649
152	0.184115172
153	0.183082404
154	0.184295547
155	0.187955727
156	0.193633554
157	0.20029307
158	0.206612586
159	0.211434829
160	0.214173977
161	0.214957732
162	0.214408625
163	0.21325135
164	0.212007879
165	0.210890511
166	0.209935959
167	0.209185726
168	0.208713239
169	0.208532863
170	0.208559999
171	0.208663755
172	0.208703661
173	0.208575962
174	0.208267887
175	0.207915118
176	0.207768264
177	0.208076339
178	0.20894629
179	0.210197742
180	0.211359805
181	0.211908912
182	0.21165511
183	0.210880933
184	0.210138681
185	0.209888072
186	0.210269573
187	0.211129947
188	0.21218985
189	0.21325135
190	0.214295292
191	0.21546374
192	0.216946647
193	0.21887331
194	0.221274055
195	0.224131326
196	0.227438736
197	0.231186709
198	0.235332146
199	0.239731385
200	0.243998136
201	0.24738855
202	0.248871458
203	0.24742686
204	0.242598233
205	0.23506717
206	0.226656578
207	0.219530961
208	0.215261017
209	0.214442146
210	0.216857258
211	0.221944476
212	0.229282394
213	0.238840682
214	0.250755022
215	0.26489452
216	0.280710072
217	0.297502522
218	0.314727554
219	0.331990895
220	0.348836021
221	0.364637206
222	0.378773513
223	0.39087142
224	0.400935716
225	0.409210627
226	0.415676998
227	0.419557458
228	0.419380276
229	0.413536439
230	0.400932524
231	0.381833506
232	0.358718347
233	0.335876145
234	0.317334214
235	0.304889923
236	0.297658954
237	0.293055396
238	0.288242731
239	0.281141057
240	0.270640986
241	0.256412098
242	0.238604439
243	0.217663359
244	0.194479562
245	0.170650883
246	0.148060887
247	0.128077552
248	0.111202097
249	0.097300438
250	0.085951168
251	0.076681799
252	0.069066135
253	0.062760985
254	0.057493392
255	0.053054247
256	0.049283926
257	0.046056328
258	0.043277273
259	0.040871739
260	0.038777471
261	0.03694818
262	0.03534715
263	0.033942459
264	0.032708565
265	0.031626314
266	0.030678147
267	0.029849698
268	0.02913139
269	0.028512048
270	0.027985289
271	0.027544727
272	0.027183976
273	0.026903038
274	0.026695527
275	0.026563039
276	0.026502382
277	0.026513555
278	0.026599752
279	0.026760973
280	0.027002005
281	0.027326042
282	0.027737872
283	0.028245476
284	0.028858433
285	0.029584722
286	0.030438711
287	0.031436361
288	0.032596828
289	0.033942459
290	0.035503582
291	0.037316911
292	0.039425545
293	0.041888544
294	0.044772951
295	0.048172943
296	0.052205047
297	0.057019308
298	0.062813661
299	0.069846697
300	0.078461607
301	0.089102147
302	0.102328596
303	0.118816164
304	0.139259217
305	0.164095123
306	0.192889706
307	0.22339067
308	0.250952956
309	0.27002803
310	0.278015618
311	0.277691581
312	0.27494924
313	0.274926892
314	0.280454673
315	0.292488731
316	0.310684276
317	0.332990142
318	0.354540985
319	0.367464148
320	0.363893358
321	0.341415099
322	0.305164477
323	0.263769171
324	0.224115363
325	0.189588681
326	0.160966492
327	0.137779502
328	0.119168933
329	0.10427122
330	0.092342515
331	0.082776245
332	0.075085558
333	0.068892145
334	0.063902297
335	0.059894137
336	0.056698464
337	0.05419077
338	0.052278474
339	0.050892937
340	0.049991061
341	0.04954571
342	0.049547306
343	0.050003831
344	0.05094242
345	0.052406173
346	0.054465323
347	0.057222031
348	0.060811976
349	0.065425111
350	0.071315238
351	0.078822358
352	0.088377453
353	0.100508881
354	0.115762556
355	0.134504016
356	0.156434765
357	0.179835651
358	0.200963491
359	0.214770971
360	0.217468618
361	0.209128261
362	0.193615996
363	0.176039791
364	0.16027532
365	0.14825084
366	0.140485129
367	0.136813776
368	0.136826546
369	0.14003499
370	0.145923521
371	0.153976554
372	0.163686486
373	0.174531344
374	0.185957234
375	0.197421433
376	0.208537652
377	0.219265985
378	0.230003895
379	0.241506404
380	0.254538112
381	0.269271412
382	0.28482518
383	0.299593597
384	0.312336385
385	0.322887535
386	0.332002069
387	0.340877166
388	0.350844092
389	0.362887727
390	0.376359997
391	0.387133024
392	0.387650206
393	0.371445172
394	0.338920175
395	0.297219987
396	0.254613135
397	0.216327306
398	0.184257237
399	0.158343869
400	0.137757154
401	0.121513811
402	0.10872952
403	0.098685975
404	0.090826086
405	0.084728448
406	0.080084984
407	0.07667701
408	0.074352884
409	0.073016831
410	0.072624156
411	0.073174859
412	0.074718423
413	0.077353816
414	0.081242258
415	0.0866168
416	0.09379669
417	0.103192162
418	0.115283684
419	0.130527781
420	0.14911281
421	0.170513606
422	0.193017405
423	0.21376534
424	0.229855444
425	0.239970821
426	0.245005363
427	0.246973528
428	0.247321508
429	0.24628076
430	0.243522456
431	0.238952419
432	0.233031963
433	0.227009348
434	0.223057056
435	0.223670012
436	0.230626429
437	0.244239168
438	0.26280983
439	0.282360584
440	0.297441865
441	0.303365514
442	0.298077169
443	0.282161054
444	0.258070592
445	0.229550563
446	0.200652224
447	0.174454724
448	0.1524713
449	0.134957348
450	0.121518599
451	0.111575617
452	0.104588872
453	0.100157709
454	0.09802992
455	0.098096962
456	0.100366816
457	0.104917698
458	0.111797495
459	0.120829023
460	0.131386558
461	0.14235752
462	0.152570267
463	0.161403862
464	0.16878807
465	0.174611156
466	0.178493213
467	0.180180439
468	0.179939407
469	0.178601757
470	0.177201854
471	0.176394156
472	0.176073312
473	0.175573689
474	0.174202518
475	0.171667688
476	0.168256522
477	0.164679347
478	0.161670434
479	0.15969748
480	0.158972787
481	0.15957457
482	0.161514002
483	0.164848549
484	0.169899054
485	0.177353497
486	0.188097792
487	0.202954003
488	0.222302034
489	0.245428367
490	0.269986528
491	0.292151924
492	0.307681748
493	0.313674035
494	0.310387376
495	0.30143087
496	0.291704976
497	0.285098137
498	0.283658328
499	0.287985736
500	0.298018108
501	0.313614974
502	0.334699715
503	0.361040877
504	0.391952074
505	0.426226551
506	0.462384592
507	0.498933711
508	0.534255322
509	0.566172151
510	0.591941859
511	0.608756656
512	0.613938053
513	0.605257697
514	0.582549579
515	0.549264772
516	0.51138758
517	0.474539963
518	0.442072431
519	0.415049675
520	0.393195546
521	0.375991265
522	0.363588476
523	0.35704389
524	0.357219477
525	0.362836647
526	0.369314191
527	0.369957476
528	0.359364824
529	0.336326284
530	0.303775747
531	0.266674329
532	0.229821923
533	0.196489229
534	0.168095302
535	0.144700801
536	0.125695961
537	0.110295432
538	0.097763348
539	0.087483559
540	0.078980385
541	0.071878711
542	0.065896002
543	0.060816764
544	0.056471798
545	0.052731806
546	0.04949463
547	0.046683651
548	0.044230229
549	0.042088074
550	0.040212492
551	0.038574749
552	0.037144517
553	0.035902642
554	0.034829968
555	0.033915323
556	0.033147531
557	0.032518612
558	0.032023778
559	0.031661431
560	0.031429976
561	0.031331009
562	0.031370915
563	0.031556079
564	0.031899271
565	0.032414857
566	0.033121991
567	0.034046214
568	0.035219451
569	0.036683204
570	0.03849334
571	0.040716904
572	0.043444879
573	0.046790599
574	0.050908899
575	0.05599931
576	0.06233
577	0.070255335
578	0.080241415
579	0.092894814
580	0.108970553
581	0.129316234
582	0.154648572
583	0.184985123
584	0.21854608
585	0.250397464
586	0.272433564
587	0.276858343
588	0.261805795
589	0.23296971
590	0.19901927
591	0.16652939
592	0.138566448
593	0.115746594
594	0.097557433
595	0.083164132
596	0.071754204
597	0.062650845
598	0.055327293
599	0.049378105
600	0.04450159
601	0.040466294
602	0.037098226
603	0.034266496
604	0.031867346
605	0.029822562
606	0.02806989
607	0.02655825
608	0.025250929
609	0.024116002
610	0.023127929
611	0.022265959
612	0.021512534
613	0.020854883
614	0.020281832
615	0.019782209
616	0.019349628
617	0.018976107
618	0.018656859
619	0.018387095
620	0.018163621
621	0.01798165
622	0.017839584
623	0.017735829
624	0.01766719
625	0.017633669
626	0.017633669
627	0.01766719
628	0.017734232
629	0.017833199
630	0.017965687
631	0.018131696
632	0.018332823
633	0.018570662
634	0.018846812
635	0.019161271
636	0.019518829
637	0.019922678
638	0.020374414
639	0.02087723
640	0.021439107
641	0.022063237
642	0.022756005
643	0.023525393
644	0.024380978
645	0.025330741
646	0.026389049
647	0.027570267
648	0.028890357
649	0.030371669
650	0.032036548
651	0.033915323
652	0.036046304
653	0.038470993
654	0.041246855
655	0.044442529
656	0.048142615
657	0.052457253
658	0.057526913
659	0.06353197
660	0.070707071
661	0.079358694
662	0.089897074
663	0.102855355
664	0.118937478
665	0.139046917
666	0.164281883
667	0.195825193
668	0.234551584
669	0.280133829
670	0.329481605
671	0.375306478
672	0.407151477
673	0.416863004
674	0.404621436
675	0.378267504
676	0.34698119
677	0.316722854
678	0.289802258
679	0.266385409
680	0.246073248
681	0.228854602
682	0.215189186
683	0.205423387
684	0.199043213
685	0.194516275
686	0.190018069
687	0.184483904
688	0.178036688
689	0.171597454
690	0.166283569
691	0.163065548
692	0.162640948
693	0.165346576
694	0.171027596
695	0.178994432
696	0.188215914
697	0.197601808
698	0.206106578
699	0.212619239
700	0.215880359
701	0.214689563
702	0.208561596
703	0.198537205
704	0.187154414
705	0.177291244
706	0.170863183
707	0.168357085
708	0.169035488
709	0.171359614
710	0.173525712
711	0.174089185
712	0.172502522
713	0.169335581
714	0.166071269
715	0.164578784
716	0.166590047
717	0.173423553
718	0.185925309
719	0.204344328
720	0.227919205
721	0.25416938
722	0.278671672
723	0.296220741
724	0.302936125
725	0.297445057
726	0.28092716
727	0.257004303
728	0.230733377
729	0.206612586
730	0.187301268
731	0.173782707
732	0.166147888
733	0.164262728
734	0.168119246
735	0.177945702
736	0.194139563
737	0.216914722
738	0.245495409
739	0.276729048
740	0.30381725
741	0.317524167
742	0.311606903
743	0.288033623
744	0.255162242
745	0.221422506
746	0.191726047
747	0.167761688
748	0.14947356
749	0.136199224
750	0.127217178
751	0.121965547
752	0.120102734
753	0.121523388
754	0.126348823
755	0.134925424
756	0.147799104
757	0.165606763
758	0.18879056
759	0.216917915
760	0.247573714
761	0.2754329
762	0.293224597
763	0.295440179
764	0.281659835
765	0.256231723
766	0.225536018
767	0.19523618
768	0.168717836
769	0.147184551
770	0.130538955
771	0.118195227
772	0.109506889
773	0.103953569
774	0.101195265
775	0.101077143
776	0.103613569
777	0.10896736
778	0.117387529
779	0.129070413
780	0.143865967
781	0.16087391
782	0.178241007
783	0.19368623
784	0.205533527
785	0.213230599
786	0.217109464
787	0.217939509
788	0.216343268
789	0.212276047
790	0.205145641
791	0.194339093
792	0.179645698
793	0.161708744
794	0.142250571
795	0.123395778
796	0.106671966
797	0.092664955
798	0.08129653
799	0.072196363
800	0.06494145
801	0.059150289
802	0.054517999
803	0.050801951
804	0.047823366
805	0.045444968
806	0.043561404
807	0.042094459
808	0.040988264
809	0.040198125
810	0.039692117
811	0.039449489
812	0.03945747
813	0.039709676
814	0.040206107
815	0.040953147
816	0.041963567
817	0.043259715
818	0.044868725
819	0.046827312
820	0.04918496
821	0.052005517
822	0.055370392
823	0.059380148
824	0.064170466
825	0.069910547
826	0.076825461
827	0.085205723
828	0.095437625
829	0.108028771
830	0.123654369
831	0.143198738
832	0.167799997
833	0.198840491
834	0.2378143
835	0.285830811
836	0.342498946
837	0.404045193
838	0.46160403
839	0.502403938
840	0.515826725
841	0.500043098
842	0.46169342
843	0.41022424
844	0.354146714
845	0.300069277
846	0.252175676
847	0.212114827
848	0.179720722
849	0.153949418
850	0.133560638
851	0.117422646
852	0.104609623
853	0.094406454
854	0.086267223
855	0.079781698
856	0.074646592
857	0.070632047
858	0.067572054
859	0.065348491
860	0.063875161
861	0.063104177
862	0.063011595
863	0.063602204
864	0.064909525
865	0.066997408
866	0.069963223
867	0.073952228
868	0.079163953
869	0.085876145
870	0.094462322
871	0.105417321
872	0.119394003
873	0.137200066
874	0.159743771
875	0.18779291
876	0.221352271
877	0.258448901
878	0.293701873
879	0.318494681
880	0.325291474
881	0.313773002
882	0.291400094
883	0.267555453
884	0.24860329
885	0.237009795
886	0.232374312
887	0.232473279
888	0.234369613
889	0.235708858
890	0.235365667
891	0.233138911
892	0.229427652
893	0.225044375
894	0.220627578
895	0.216003269
896	0.210336615
897	0.202850247
898	0.193194588
899	0.181241939
900	0.167059342
901	0.151291678
902	0.135275
903	0.120461888
904	0.107786142
905	0.0975287
906	0.089552286
907	0.083553615
908	0.07922461
909	0.076301894
910	0.074595513
911	0.073976171
912	0.074372039
913	0.075763961
914	0.078182265
915	0.08170836
916	0.086479523
917	0.092700073
918	0.100660524
919	0.110755149
920	0.123523478
921	0.139680624
922	0.160169968
923	0.186177515
924	0.219076032
925	0.260171245
926	0.310005874
927	0.36707307
928	0.426352654
929	0.479153099
930	0.515405317
931	0.526729048
932	0.509074627
933	0.465795758
934	0.407569692
935	0.3466795
936	0.291427231
937	0.24514264
938	0.207964602
939	0.178697532
940	0.155852137
941	0.138084384
942	0.124307232
943	0.113690636
944	0.105618447
945	0.099643719
946	0.095450395
947	0.092826176
948	0.091646554
949	0.091858854
950	0.093482231
951	0.096609266
952	0.10141395
953	0.108159662
954	0.117229501
955	0.129145437
956	0.144581083
957	0.16435531
958	0.189328494
959	0.220151898
960	0.256820736
961	0.298278295
962	0.342529275
963	0.387292648
964	0.430271425
965	0.46793472
966	0.49332133
967	0.496837848
968	0.472996399
969	0.426373405
970	0.368624615
971	0.310891788
972	0.259654063
973	0.217044018
974	0.182731231
975	0.155445096
976	0.133782515
977	0.116511193
978	0.102644651
979	0.091421484
980	0.082265448
981	0.074739174
982	0.06851224
983	0.063334036
984	0.059013013
985	0.055399124
986	0.052377441
987	0.049861766
988	0.047778672
989	0.046078676
990	0.044717082
991	0.043663564
992	0.042898964
993	0.042405726
994	0.042177464
995	0.042215773
996	0.042525444
997	0.043122438
998	0.044027506
999	0.04527417
1000	0.046907124
1001	0.048987026
1002	0.051593687
1003	0.054832459
1004	0.058840619
1005	0.063804927
1006	0.069969608
1007	0.077658698
1008	0.087306376
1009	0.099479306
1010	0.114897394
1011	0.134408242
1012	0.158846684
1013	0.188599012
1014	0.222657996
1015	0.257159139
1016	0.284512317
1017	0.295738676
1018	0.286582641
1019	0.261261477
1020	0.228771597
1021	0.196765378
1022	0.169180746
1023	0.147082392
1024	0.130139895
1025	0.11758227
1026	0.108625765
1027	0.102638266
1028	0.099156866
1029	0.09788147
1030	0.098657242
1031	0.101457048
1032	0.106384643
1033	0.113674673
1034	0.123719815
1035	0.137096311
1036	0.154608666
1037	0.177332746
1038	0.206618971
1039	0.243988558
1040	0.290712115
1041	0.346805603
1042	0.409186684
1043	0.469743261
1044	0.515740528
1045	0.534611284
1046	0.520486151
1047	0.47742437
1048	0.417319529
1049	0.353469908
1050	0.294950133
1051	0.245536911
1052	0.205535124
1053	0.173744397
1054	0.148603609
1055	0.128679334
1056	0.112798337
1057	0.100055549
1058	0.089756605
1059	0.081384324
1060	0.074544433
1061	0.068941629
1062	0.064349245
1063	0.060598079
1064	0.057555645
1065	0.055124571
1066	0.053226641
1067	0.051807583
1068	0.050829087
1069	0.050264018
1070	0.050101202
1071	0.050337445
1072	0.050983923
1073	0.052062981
1074	0.053611335
1075	0.055680062
1076	0.058340995
1077	0.061691504
1078	0.065854499
1079	0.071000779
1080	0.077347431
1081	0.085186569
1082	0.094901288
1083	0.107000792
1084	0.122155499
1085	0.14123217
1086	0.165303477
1087	0.195579371
1088	0.233102198
1089	0.278026791
1090	0.328333908
1091	0.378605907
1092	0.4208983
1093	0.4490065
1094	0.462172292
1095	0.462547408
1096	0.449704057
1097	0.420935014
1098	0.377261873
1099	0.325642646
1100	0.274436846
1101	0.22899986
1102	0.191154593
1103	0.16059776
1104	0.13621359
1105	0.116772976
1106	0.101196861
1107	0.08861689
1108	0.078365833
1109	0.069936087
1110	0.062941361
1111	0.057087946
1112	0.052153967
1113	0.047963836
1114	0.044383468
1115	0.041307513
1116	0.038654561
1117	0.036357571
1118	0.03436227
1119	0.03262556
1120	0.03111392
1121	0.029798618
1122	0.02865571
1123	0.027667637
1124	0.026818437
1125	0.026096936
1126	0.025491961
1127	0.024995531
1128	0.024604452
1129	0.02431234
1130	0.024117598
1131	0.024020228
1132	0.024021824
1133	0.024125579
1134	0.024336283
1135	0.024658724
1136	0.025105671
1137	0.025688299
1138	0.026420973
1139	0.027326042
1140	0.028427448
1141	0.029758712
1142	0.031359742
1143	0.033283211
1144	0.035594568
1145	0.038378411
1146	0.041748075
1147	0.045845624
1148	0.050862608
1149	0.057049637
1150	0.06474192
1151	0.074381616
1152	0.086548162
1153	0.101971038
1154	0.121505829
1155	0.145961831
1156	0.17564552
1157	0.209343754
1158	0.242844054
1159	0.268235452
1160	0.276668391
1161	0.264605601
1162	0.236971485
1163	0.202856632
1164	0.169579806
1165	0.140710199
1166	0.117082647
1167	0.098250201
1168	0.083368451
1169	0.071599369
1170	0.062239015
1171	0.054733492
1172	0.048662989
1173	0.043706662
1174	0.039626671
1175	0.036241045
1176	0.033410911
1177	0.031030916
1178	0.029018057
1179	0.027308483
1180	0.025851115
1181	0.024607644
1182	0.023542952
1183	0.022631498
1184	0.021855725
1185	0.021194882
1186	0.020637794
1187	0.020171692
1188	0.019788594
1189	0.019480519
1190	0.019241083
1191	0.019067093
1192	0.018952164
1193	0.018896295
1194	0.018896295
1195	0.018952164
1196	0.019060708
1197	0.019225121
1198	0.019446998
1199	0.019724744
1200	0.020064744
1201	0.020466996
1202	0.020937887
1203	0.021483801
1204	0.022109528
1205	0.022823047
1206	0.023635534
1207	0.024556564
1208	0.025602102
1209	0.026789705
1210	0.028138528
1211	0.029674112
1212	0.031426784
1213	0.03343645
1214	0.035749403
1215	0.038424702
1216	0.041537371
1217	0.045181588
1218	0.04948186
1219	0.054594619
1220	0.060725779
1221	0.068148297
1222	0.077221328
1223	0.088417359
1224	0.102350943
1225	0.119797852
1226	0.141653577
1227	0.168767319
1228	0.201447152
1229	0.23842566
1230	0.275391398
1231	0.304449361
1232	0.317145858
1233	0.310681084
1234	0.290637092
1235	0.266505127
1236	0.245956723
1237	0.233106986
1238	0.229517041
1239	0.235434305
1240	0.250166009
1241	0.27150136
1242	0.294659618
1243	0.312106527
1244	0.316058818
1245	0.302928144
1246	0.27565797
1247	0.241393071
1248	0.207033994
1249	0.176654344
1250	0.151642851
1251	0.131849468
1252	0.116547906
1253	0.104936853
1254	0.096326731
1255	0.090190783
1256	0.086163468
1257	0.084010139
1258	0.083623849
1259	0.085012578
1260	0.088292853
1261	0.093713686
1262	0.101656578
1263	0.112659464
1264	0.127394361
1265	0.146569998
1266	0.170631728
1267	0.19911664
1268	0.229662299
1269	0.257331533
1270	0.275528675
1271	0.278879184
1272	0.266117241
1273	0.240813636
1274	0.209402814
1275	0.177907393
1276	0.149906141
1277	0.126618588
1278	0.107883513
1279	0.093016128
1280	0.081245451
1281	0.071897866
1282	0.064430653
1283	0.058428789
1284	0.053573025
1285	0.049627118
1286	0.046409097
1287	0.043781685
1288	0.041641127
1289	0.039909206
1290	0.038520477
1291	0.037428648
1292	0.036597007
1293	0.035998417
1294	0.03561053
1295	0.035418981
1296	0.035411
1297	0.035581798
1298	0.035928182
1299	0.036451749
1300	0.037154095
1301	0.038046393
1302	0.039136625
1303	0.04044235
1304	0.041982722
1305	0.043783282
1306	0.045874357
1307	0.048295854
1308	0.05109566
1309	0.054334432
1310	0.058085597
1311	0.062440141
1312	0.067516186
1313	0.073460586
1314	0.080458504
1315	0.088749377
1316	0.098644473
1317	0.110546042
1318	0.124988826
1319	0.142671979
1320	0.164518127
1321	0.191732432
1322	0.225842496
1323	0.268661648
1324	0.322030354
1325	0.387054809
1326	0.462533042
1327	0.542724974
1328	0.61612171
1329	0.668103283
1330	0.688067464
1331	0.675575285
1332	0.638951142
1333	0.588479613
1334	0.532189787
1335	0.47596381
1336	0.423966275
1337	0.378042434
1338	0.337860271
1339	0.302249741
1340	0.270482959
1341	0.242630157
1342	0.219229271
1343	0.200837388
1344	0.187794506
1345	0.180233115
1346	0.178220256
1347	0.181850107
1348	0.191210461
1349	0.206053902
1350	0.225133765
1351	0.245369306
1352	0.261780255
1353	0.269309722
1354	0.265941654
1355	0.253971446
1356	0.2378143
1357	0.220878188
1358	0.204427333
1359	0.188305303
1360	0.172045997
1361	0.155563218
1362	0.139278372
1363	0.123896998
1364	0.110087921
1365	0.098264567
1366	0.088541866
1367	0.080790522
1368	0.074777484
1369	0.070250546
1370	0.066994215
1371	0.06485206
1372	0.063720326
1373	0.063554317
1374	0.064358822
1375	0.066192902
1376	0.069176276
1377	0.073497299
1378	0.079433718
1379	0.087367033
1380	0.097809639
1381	0.111408012
1382	0.128901212
1383	0.150937312
1384	0.177607299
1385	0.207560753
1386	0.236981062
1387	0.259671621
1388	0.269702397
1389	0.265006257
1390	0.247963197
1391	0.22301715
1392	0.194664726
1393	0.166650704
1394	0.141474799
1395	0.120243203
1396	0.103008594
1397	0.089293695
1398	0.078471185
1399	0.069952049
1400	0.063249435
1401	0.05798663
1402	0.053881099
1403	0.050718947
1404	0.048350126
1405	0.046667688
1406	0.045596611
1407	0.045096988
1408	0.045154452
1409	0.04577539
1410	0.046994918
1411	0.048875289
1412	0.051517067
1413	0.055055932
1414	0.059686626
1415	0.065674124
1416	0.073374389
1417	0.083267887
1418	0.095975558
1419	0.112266789
1420	0.132993973
1421	0.158838703
1422	0.189673281
1423	0.223366727
1424	0.254415201
1425	0.274254875
1426	0.275428112
1427	0.257317167
1428	0.226685311
1429	0.192284731
1430	0.160154005
1431	0.132840734
1432	0.110670549
1433	0.093025706
1434	0.079047427
1435	0.067937593
1436	0.059044937
1437	0.051861855
1438	0.046002056
1439	0.041173428
1440	0.037157287
1441	0.033786027
1442	0.030931949
1443	0.028497682
1444	0.026406607
1445	0.02459647
1446	0.023022577
1447	0.021643425
1448	0.020431879
1449	0.019360801
1450	0.018409442
1451	0.017563435
1452	0.016806817
1453	0.016128414
1454	0.01551865
1455	0.01497114
1456	0.014474709
1457	0.014027762
1458	0.013623913
1459	0.013256778
1460	0.01292476
1461	0.012624666
1462	0.012353305
1463	0.012107484
1464	0.011885607
1465	0.011686077
1466	0.011507298
1467	0.011347674
1468	0.011205609
1469	0.011081102
1470	0.010972557
1471	0.010879975
1472	0.010800163
1473	0.010736314
1474	0.010685234
1475	0.010646924
1476	0.010621385
1477	0.010608615
1478	0.010607018
1479	0.010619788
1480	0.010643732
1481	0.010678849
1482	0.010728333
1483	0.01078899
1484	0.010862417
1485	0.010948614
1486	0.011049177
1487	0.01116251
1488	0.011291806
1489	0.011433871
1490	0.011591899
1491	0.011767485
1492	0.011959034
1493	0.012169738
1494	0.012398
1495	0.01264861
1496	0.012919971
1497	0.013216872
1498	0.013537716
1499	0.013885696
1500	0.014265602
1501	0.014675835
1502	0.015122783
1503	0.01560804
1504	0.016136396
1505	0.016712638
1506	0.017341557
1507	0.018027941
1508	0.018781366
1509	0.019606622
1510	0.020514883
1511	0.021517322
1512	0.02262671
1513	0.023857411
1514	0.025230178
1515	0.026764165
1516	0.028488105
1517	0.030435518
1518	0.032644715
1519	0.035168371
1520	0.038065548
1521	0.041417653
1522	0.04532525
1523	0.049917634
1524	0.05536241
1525	0.061881457
1526	0.0697605
1527	0.07938583
1528	0.091257071
1529	0.106025489
1530	0.124492396
1531	0.147554879
1532	0.175959979
1533	0.209682157
1534	0.246727707
1535	0.281710914
1536	0.306032831
1537	0.312092161
1538	0.299304678
1539	0.274770461
1540	0.24765193
1541	0.2243548
1542	0.207825729
1543	0.198905937
1544	0.197651292
1545	0.204045831
1546	0.218225236
1547	0.240306031
1548	0.269823711
1549	0.304762224
1550	0.340770218
1551	0.371805923
1552	0.392814044
1553	0.402689985
1554	0.40496782
1555	0.405330166
1556	0.407133918
1557	0.407884151
1558	0.400001915
1559	0.376902719
1560	0.339339986
1561	0.294638867
1562	0.250679998
1563	0.212058959
1564	0.180174054
1565	0.154662938
1566	0.134543922
1567	0.118776258
1568	0.106467647
1569	0.096920533
1570	0.089609751
1571	0.084155397
1572	0.080297284
1573	0.077869402
1574	0.076787151
1575	0.077040953
1576	0.078697851
1577	0.081909487
1578	0.08691849
1579	0.094082417
1580	0.103873757
1581	0.116865558
1582	0.133637258
1583	0.154500121
1584	0.178986451
1585	0.205212683
1586	0.22973413
1587	0.248510708
1588	0.258448901
1589	0.258153597
1590	0.24772855
1591	0.228615166
1592	0.20365156
1593	0.176580917
1594	0.150793651
1595	0.128309007
1596	0.109738344
1597	0.094843824
1598	0.083053991
1599	0.073762275
1600	0.066446705
1601	0.060687469
1602	0.056168512
1603	0.052650398
1604	0.049955944
1605	0.047957451
1606	0.046563933
1607	0.04571154
1608	0.04536356
1609	0.045502433
1610	0.046131351
1611	0.047272663
1612	0.048969467
1613	0.051291997
1614	0.054336028
1615	0.058242028
1616	0.06319197
1617	0.069434867
1618	0.07730114
1619	0.087210602
1620	0.099686818
1621	0.115296454
1622	0.134508805
1623	0.157336641
1624	0.182796677
1625	0.20850892
1626	0.231201075
1627	0.24831437
1628	0.259456129
1629	0.266072546
1630	0.269699204
1631	0.271234788
1632	0.271798261
1633	0.27289807
1634	0.275262103
1635	0.278365194
1636	0.281490633
1637	0.284505932
1638	0.287118977
1639	0.287929868
1640	0.284881048
1641	0.276060223
1642	0.259984485
1643	0.2365405
1644	0.208023663
1645	0.178287298
1646	0.150669144
1647	0.126889949
1648	0.107260979
1649	0.091368808
1650	0.078563767
1651	0.068213743
1652	0.059787189
1653	0.052864294
1654	0.047119424
1655	0.042308355
1656	0.038239538
1657	0.034769311
1658	0.031784342
1659	0.029196836
1660	0.026941348
1661	0.024958817
1662	0.023209337
1663	0.021654599
1664	0.02026587
1665	0.019020802
1666	0.017900241
1667	0.016885032
1668	0.015964002
1669	0.015125975
1670	0.01435978
1671	0.013655838
1672	0.013010957
1673	0.012413963
1674	0.01186326
1675	0.011354059
1676	0.010879975
1677	0.010439413
1678	0.010027583
1679	0.009644485
1680	0.009283735
1681	0.008946928
1682	0.008630873
1683	0.008332376
1684	0.008053033
1685	0.007788058
1686	0.007537448
1687	0.007301204
1688	0.007077731
1689	0.006863834
1690	0.006662708
1691	0.006471159
1692	0.006289188
1693	0.006115197
1694	0.005949188
1695	0.005791161
1696	0.005641114
1697	0.005495856
1698	0.005358579
1699	0.005226092
1700	0.005098392
1701	0.004977078
1702	0.004860552
1703	0.004748816
1704	0.004641867
1705	0.004538112
1706	0.004437549
1707	0.004341774
1708	0.004249192
1709	0.004159803
1710	0.004075202
1711	0.003992198
1712	0.003910789
1713	0.00383417
1714	0.003759146
1715	0.003687316
1716	0.003617081
1717	0.003548443
1718	0.003482997
1719	0.003419147
1720	0.003356894
1721	0.003297833
1722	0.003238772
1723	0.003182904
1724	0.003128631
1725	0.003075956
1726	0.00302328
1727	0.002973796
1728	0.002924313
1729	0.002876425
1730	0.002830134
1731	0.00278544
1732	0.002742341
1733	0.002699243
1734	0.00265774
1735	0.002617834
1736	0.002577928
1737	0.002539619
1738	0.002501309
1739	0.002464595
1740	0.002429478
1741	0.002394361
1742	0.002359244
1743	0.002327319
1744	0.002293798
1745	0.002261873
1746	0.002231544
1747	0.002201216
1748	0.002170887
1749	0.002142155
1750	0.002113422
1751	0.002086286
1752	0.00205915
1753	0.002032014
1754	0.002006474
1755	0.001980935
1756	0.001955395
1757	0.001929855
1758	0.001905911
1759	0.001883564
1760	0.00185962
1761	0.001837273
1762	0.001814925
1763	0.001792578
1764	0.001771827
1765	0.001751076
1766	0.001730325
1767	0.001709574
1768	0.001690419
1769	0.001671264
1770	0.001652109
1771	0.001632954
1772	0.001615395
1773	0.001596241
1774	0.001578682
1775	0.001561123
1776	0.001543565
1777	0.001527602
1778	0.001510044
1779	0.001494081
1780	0.001478119
1781	0.001462156
1782	0.00144779
1783	0.001431828
1784	0.001417462
1785	0.001401499
1786	0.001387133
1787	0.001372767
1788	0.001358401
1789	0.001345631
1790	0.001331265
1791	0.001318495
1792	0.001305725
1793	0.001291359
1794	0.001278589
1795	0.001265819
1796	0.001254645
1797	0.001241875
1798	0.001229105
1799	0.001217932
1800	0.001206758
1801	0.001193988
1802	0.001182814
1803	0.001171641
1804	0.001160467
1805	0.001149293
1806	0.001139716
1807	0.001128542
1808	0.001117368
1809	0.001107791
1810	0.001098213
1811	0.00108704
1812	0.001077462
1813	0.001067885
1814	0.001058307
1815	0.00104873
1816	0.001039153
1817	0.001029575
1818	0.001019998
1819	0.001012016
1820	0.001002439
1821	0.000994458
1822	0.00098488
1823	0.000976899
1824	0.000968918
1825	0.000959341
1826	0.000951359
1827	0.000943378
1828	0.000935397
1829	0.000927416
1830	0.000919435
1831	0.000911453
1832	0.000903472
1833	0.000897087
1834	0.000889106
1835	0.000881125
1836	0.00087474
1837	0.000866759
1838	0.000860374
1839	0.000852392
1840	0.000846007
1841	0.000838026
1842	0.000831641
1843	0.000825256
1844	0.000818871
1845	0.000812486
1846	0.000804505
1847	0.00079812
1848	0.000791735
1849	0.00078535
1850	0.000780562
1851	0.000774177
1852	0.000767792
1853	0.000761407
1854	0.000755022
1855	0.000750233
1856	0.000743848
1857	0.000737463
1858	0.000732674
1859	0.000726289
1860	0.000721501
1861	0.000715116
1862	0.000710327
1863	0.000703942
1864	0.000699153
1865	0.000692768
1866	0.00068798
1867	0.000683191
1868	0.000678402
1869	0.000672017
1870	0.000667229
1871	0.00066244
1872	0.000657651
1873	0.000652862
1874	0.000648074
1875	0.000643285
1876	0.000638496
1877	0.000633707
1878	0.000628919
1879	0.00062413
1880	0.000619341
1881	0.000614553
1882	0.000609764
1883	0.000606571
1884	0.000601783
1885	0.000596994
1886	0.000592205
1887	0.000589013
1888	0.000584224
1889	0.000579435
1890	0.000576243
1891	0.000571454
1892	0.000566665
1893	0.000563473
1894	0.000558684
1895	0.000555492
1896	0.000550703
1897	0.000547511
1898	0.000542722
1899	0.000539529
1900	0.000534741
1901	0.000531548
1902	0.000528356
1903	0.000523567
1904	0.000520374
1905	0.000517182
1906	0.000512393
1907	0.000509201
1908	0.000506008
1909	0.000502816
1910	0.000499623
1911	0.000494835
1912	0.000491642
1913	0.00048845
1914	0.000485257
1915	0.000482065
1916	0.000478872
1917	0.00047568
1918	0.000470891
1919	0.000467698
1920	0.000464506
1921	0.000461314
1922	0.000458121
1923	0.000454929
1924	0.000451736
1925	0.000448544
1926	0.000446947
1927	0.000443755
1928	0.000440562
1929	0.00043737
1930	0.000434177
1931	0.000430985
1932	0.000427792
1933	0.0004246
1934	0.000423004
1935	0.000419811
1936	0.000416619
1937	0.000413426
1938	0.000410234
1939	0.000408638
1940	0.000405445
1941	0.000402253
1942	0.000400656
1943	0.000397464
1944	0.000394271
1945	0.000391079
1946	0.000389483
1947	0.00038629
1948	0.000384694
1949	0.000381501
1950	0.000378309
1951	0.000376713
1952	0.00037352
1953	0.000370328
1954	0.000368732
1955	0.000365539
1956	0.000363943
1957	0.00036075
1958	0.000359154
1959	0.000355962
1960	0.000354365
1961	0.000351173
1962	0.000349577
1963	0.000346384
1964	0.000344788
1965	0.000341595
1966	0.000339999
1967	0.000338403
1968	0.000335211
1969	0.000333614
1970	0.000330422
1971	0.000328826
1972	0.000327229
1973	0.000324037
1974	0.000322441
1975	0.000319248
1976	0.000317652
1977	0.000316056
1978	0.000314459
1979	0.000311267
1980	0.000309671
1981	0.000308074
1982	0.000304882
1983	0.000303286
1984	0.000301689
1985	0.000298497
1986	0.000296901
1987	0.000295304
1988	0.000293708
1989	0.000292112
1990	0.00028892
1991	0.000287323
1992	0.000285727
1993	0.000284131
1994	0.000282535
1995	0.000279342
1996	0.000277746
1997	0.00027615
1998	0.000274553
1999	0.000272957
2000	0.000271361
2001	0.000268168
2002	0.000266572
2003	0.000264976
2004	0.00026338
2005	0.000261783
2006	0.000260187
2007	0.000258591
2008	0.000256995
2009	0.000255398
2010	0.000253802
2011	0.00025061
2012	0.000249014
2013	0.000247417
2014	0.000245821
2015	0.000244225
2016	0.000242629
2017	0.000241032
2018	0.000239436
2019	0.00023784
2020	0.000236244
2021	0.000234647
2022	0.000233051
2023	0.000231455
2024	0.000229859
2025	0.000228262
2026	0.000226666
2027	0.00022507
2028	0.000223474
2029	0.000221877
2030	0.000220281
2031	0.000218685
2032	0.000218685
2033	0.000217089
2034	0.000215492
2035	0.000213896
2036	0.0002123
2037	0.000210704
2038	0.000209108
2039	0.000207511
2040	0.000205915
2041	0.000204319
2042	0.000202723
2043	0.000202723
2044	0.000201126
2045	0.00019953
2046	0.000197934
2047	0.000196338
2048	0.000194741
2049	0.000193145
2050	0.000193145
2051	0.000191549
2052	0.000189953
2053	0.000188356
2054	0.00018676
2055	0.000185164
2056	0.000185164
2057	0.000183568
2058	0.000181971
2059	0.000180375
2060	0.000178779
2061	0.000178779
2062	0.000177183
2063	0.000175586
2064	0.00017399
2065	0.00017399
2066	0.000172394
2067	0.000170798
2068	0.000169201
2069	0.000169201
2070	0.000167605
2071	0.000166009
2072	0.000164413
2073	0.000164413
2074	0.000162817
2075	0.00016122
2076	0.000159624
2077	0.000159624
2078	0.000158028
2079	0.000156432
2080	0.000156432
2081	0.000154835
2082	0.000153239
2083	0.000151643
2084	0.000151643
2085	0.000150047
2086	0.00014845
2087	0.00014845
2088	0.000146854
2089	0.000145258
2090	0.000145258
2091	0.000143662
2092	0.000142065
2093	0.000142065
2094	0.000140469
2095	0.000138873
2096	0.000138873
2097	0.000137277
2098	0.00013568
2099	0.00013568
2100	0.000134084
2101	0.000134084
2102	0.000132488
2103	0.000130892
2104	0.000130892
2105	0.000129295
2106	0.000127699
2107	0.000127699
2108	0.000126103
2109	0.000126103
2110	0.000124507
2111	0.000122911
2112	0.000122911
2113	0.000121314
2114	0.000121314
2115	0.000119718
2116	0.000119718
2117	0.000118122
2118	0.000116526
2119	0.000116526
2120	0.000114929
2121	0.000114929
2122	0.000113333
2123	0.000113333
2124	0.000111737
2125	0.000110141
2126	0.000110141
2127	0.000108544
2128	0.000108544
2129	0.000106948
2130	0.000106948
2131	0.000105352
2132	0.000105352
2133	0.000103756
2134	0.000103756
2135	0.000102159
2136	0.000102159
2137	0.000100563
2138	0.000100563
2139	9.89669E-05
2140	9.89669E-05
2141	9.73707E-05
2142	9.73707E-05
2143	9.57744E-05
2144	9.57744E-05
2145	9.41782E-05
2146	9.41782E-05
2147	9.2582E-05
2148	9.2582E-05
2149	9.09857E-05
2150	9.09857E-05
2151	8.93895E-05
2152	8.93895E-05
2153	8.77932E-05
2154	8.77932E-05
2155	8.6197E-05
2156	8.6197E-05
2157	8.46007E-05
2158	8.46007E-05
2159	8.30045E-05
2160	8.30045E-05
2161	8.30045E-05
2162	8.14083E-05
2163	8.14083E-05
2164	7.9812E-05
2165	7.9812E-05
2166	7.82158E-05
2167	7.82158E-05
2168	7.66195E-05
2169	7.66195E-05
2170	7.66195E-05
2171	7.50233E-05
2172	7.50233E-05
2173	7.34271E-05
2174	7.34271E-05
2175	7.34271E-05
2176	7.18308E-05
2177	7.18308E-05
2178	7.02346E-05
2179	7.02346E-05
2180	6.86383E-05
2181	6.86383E-05
2182	6.86383E-05
2183	6.70421E-05
2184	6.70421E-05
2185	6.54459E-05
2186	6.54459E-05
2187	6.54459E-05
2188	6.38496E-05
2189	6.38496E-05
2190	6.38496E-05
2191	6.22534E-05
2192	6.22534E-05
2193	6.06571E-05
2194	6.06571E-05
2195	6.06571E-05
2196	5.90609E-05
2197	5.90609E-05
2198	5.90609E-05
2199	5.74647E-05
2200	5.74647E-05
2201	5.58684E-05
2202	5.58684E-05
2203	5.58684E-05
2204	5.42722E-05
2205	5.42722E-05
2206	5.42722E-05
2207	5.26759E-05
2208	5.26759E-05
2209	5.26759E-05
2210	5.10797E-05
2211	5.10797E-05
2212	5.10797E-05
2213	4.94835E-05
2214	4.94835E-05
2215	4.94835E-05
2216	4.78872E-05
2217	4.78872E-05
2218	4.78872E-05
2219	4.6291E-05
2220	4.6291E-05
2221	4.6291E-05
2222	4.46947E-05
2223	4.46947E-05
2224	4.46947E-05
2225	4.30985E-05
2226	4.30985E-05
2227	4.30985E-05
2228	4.30985E-05
2229	4.15023E-05
2230	4.15023E-05
2231	4.15023E-05
2232	3.9906E-05
2233	3.9906E-05
2234	3.9906E-05
2235	3.83098E-05
2236	3.83098E-05
2237	3.83098E-05
2238	3.83098E-05
2239	3.67135E-05
2240	3.67135E-05
2241	3.67135E-05
2242	3.51173E-05
2243	3.51173E-05
2244	3.51173E-05
2245	3.51173E-05
2246	3.35211E-05
2247	3.35211E-05
2248	3.35211E-05
2249	3.35211E-05
2250	3.19248E-05
2251	3.19248E-05
2252	3.19248E-05
2253	3.19248E-05
2254	3.03286E-05
2255	3.03286E-05
2256	3.03286E-05
2257	2.87323E-05
2258	2.87323E-05
2259	2.87323E-05
2260	2.87323E-05
2261	2.87323E-05
2262	2.71361E-05
2263	2.71361E-05
2264	2.71361E-05
2265	2.71361E-05
2266	2.55398E-05
2267	2.55398E-05
2268	2.55398E-05
2269	2.55398E-05
2270	2.39436E-05
2271	2.39436E-05
2272	2.39436E-05
2273	2.39436E-05
2274	2.23474E-05
2275	2.23474E-05
2276	2.23474E-05
2277	2.23474E-05
2278	2.23474E-05
2279	2.07511E-05
2280	2.07511E-05
2281	2.07511E-05
2282	2.07511E-05
2283	2.07511E-05
2284	1.91549E-05
2285	1.91549E-05
2286	1.91549E-05
2287	1.91549E-05
2288	1.91549E-05
2289	1.75586E-05
2290	1.75586E-05
2291	1.75586E-05
2292	1.75586E-05
2293	1.75586E-05
2294	1.59624E-05
2295	1.59624E-05
2296	1.59624E-05
2297	1.59624E-05
2298	1.59624E-05
2299	1.43662E-05
2300	1.43662E-05
2301	1.43662E-05
2302	1.43662E-05
2303	1.43662E-05
2304	1.43662E-05
2305	1.27699E-05
2306	1.27699E-05
2307	1.27699E-05
2308	1.27699E-05
2309	1.27699E-05
2310	1.27699E-05
2311	1.11737E-05
2312	1.11737E-05
2313	1.11737E-05
2314	1.11737E-05
2315	1.11737E-05
2316	1.11737E-05
2317	1.11737E-05
2318	9.57744E-06
2319	9.57744E-06
2320	9.57744E-06
2321	9.57744E-06
2322	9.57744E-06
2323	9.57744E-06
2324	9.57744E-06
2325	7.9812E-06
2326	7.9812E-06
2327	7.9812E-06
2328	7.9812E-06
2329	7.9812E-06
2330	7.9812E-06
2331	7.9812E-06
2332	6.38496E-06
2333	6.38496E-06
2334	6.38496E-06
2335	6.38496E-06
2336	6.38496E-06
2337	6.38496E-06
2338	6.38496E-06
2339	6.38496E-06
2340	6.38496E-06
2341	4.78872E-06
2342	4.78872E-06
2343	4.78872E-06
2344	4.78872E-06
2345	4.78872E-06
2346	4.78872E-06
2347	4.78872E-06
2348	4.78872E-06
2349	4.78872E-06
2350	4.78872E-06
2351	3.19248E-06
2352	3.19248E-06
2353	3.19248E-06
2354	3.19248E-06
2355	3.19248E-06
2356	3.19248E-06
2357	3.19248E-06
2358	3.19248E-06
2359	3.19248E-06
2360	3.19248E-06
2361	3.19248E-06
2362	1.59624E-06
2363	1.59624E-06
2364	1.59624E-06
2365	1.59624E-06
2366	1.59624E-06
2367	1.59624E-06
2368	1.59624E-06
2369	1.59624E-06
2370	1.59624E-06
2371	1.59624E-06
2372	1.59624E-06
2373	1.59624E-06
2374	1.59624E-06
2375	1.59624E-06
2376	1.59624E-06
2377	1.59624E-06
2378	0
2379	0
2380	0
2381	0
2382	0
2383	0
2384	0
2385	0
2386	0
2387	0
2388	0
2389	0
2390	0
2391	0
2392	0
2393	0
2394	0
2395	0
2396	0
2397	0
2398	0
2399	0
2400	0
2401	0
2402	0
2403	0
2404	0
2405	0
2406	0
2407	0
2408	0
2409	0
2410	0
2411	0
2412	0
2413	0
2414	0
2415	0
2416	0
2417	0
2418	0
2419	0
2420	0
2421	0
2422	0
2423	0
2424	0
2425	0
2426	0
2427	0
2428	0
2429	0
2430	0
2431	0
2432	1.59624E-06
2433	1.59624E-06
2434	1.59624E-06
2435	1.59624E-06
2436	1.59624E-06
2437	1.59624E-06
2438	1.59624E-06
2439	1.59624E-06
2440	1.59624E-06
2441	1.59624E-06
2442	1.59624E-06
2443	1.59624E-06
2444	1.59624E-06
2445	1.59624E-06
2446	1.59624E-06
2447	3.19248E-06
2448	3.19248E-06
2449	3.19248E-06
2450	3.19248E-06
2451	3.19248E-06
2452	3.19248E-06
2453	3.19248E-06
2454	3.19248E-06
2455	3.19248E-06
2456	3.19248E-06
2457	3.19248E-06
2458	4.78872E-06
2459	4.78872E-06
2460	4.78872E-06
2461	4.78872E-06
2462	4.78872E-06
2463	4.78872E-06
2464	4.78872E-06
2465	4.78872E-06
2466	4.78872E-06
2467	6.38496E-06
2468	6.38496E-06
2469	6.38496E-06
2470	6.38496E-06
2471	6.38496E-06
2472	6.38496E-06
2473	6.38496E-06
2474	7.9812E-06
2475	7.9812E-06
2476	7.9812E-06
2477	7.9812E-06
2478	7.9812E-06
2479	7.9812E-06
2480	7.9812E-06
2481	9.57744E-06
2482	9.57744E-06
2483	9.57744E-06
2484	9.57744E-06
2485	9.57744E-06
2486	9.57744E-06
2487	1.11737E-05
2488	1.11737E-05
2489	1.11737E-05
2490	1.11737E-05
2491	1.11737E-05
2492	1.11737E-05
2493	1.27699E-05
2494	1.27699E-05
2495	1.27699E-05
2496	1.27699E-05
2497	1.27699E-05
2498	1.43662E-05
2499	1.43662E-05
2500	1.43662E-05
2501	1.43662E-05
2502	1.43662E-05
2503	1.59624E-05
2504	1.59624E-05
2505	1.59624E-05
2506	1.59624E-05
2507	1.75586E-05
2508	1.75586E-05
2509	1.75586E-05
2510	1.75586E-05
2511	1.91549E-05
2512	1.91549E-05
2513	1.91549E-05
2514	1.91549E-05
2515	2.07511E-05
2516	2.07511E-05
2517	2.07511E-05
2518	2.07511E-05
2519	2.23474E-05
2520	2.23474E-05
2521	2.23474E-05
2522	2.23474E-05
2523	2.39436E-05
2524	2.39436E-05
2525	2.39436E-05
2526	2.55398E-05
2527	2.55398E-05
2528	2.55398E-05
2529	2.55398E-05
2530	2.71361E-05
2531	2.71361E-05
2532	2.71361E-05
2533	2.87323E-05
2534	2.87323E-05
2535	2.87323E-05
2536	3.03286E-05
2537	3.03286E-05
2538	3.03286E-05
2539	3.19248E-05
2540	3.19248E-05
2541	3.19248E-05
2542	3.35211E-05
2543	3.35211E-05
2544	3.35211E-05
2545	3.51173E-05
2546	3.51173E-05
2547	3.51173E-05
2548	3.67135E-05
2549	3.67135E-05
2550	3.67135E-05
2551	3.83098E-05
2552	3.83098E-05
2553	3.9906E-05
2554	3.9906E-05
2555	3.9906E-05
2556	4.15023E-05
2557	4.15023E-05
2558	4.30985E-05
2559	4.30985E-05
2560	4.30985E-05
2561	4.46947E-05
2562	4.46947E-05
2563	4.6291E-05
2564	4.6291E-05
2565	4.6291E-05
2566	4.78872E-05
2567	4.78872E-05
2568	4.94835E-05
2569	4.94835E-05
2570	5.10797E-05
2571	5.10797E-05
2572	5.26759E-05
2573	5.26759E-05
2574	5.42722E-05
2575	5.42722E-05
2576	5.58684E-05
2577	5.58684E-05
2578	5.74647E-05
2579	5.74647E-05
2580	5.90609E-05
2581	5.90609E-05
2582	6.06571E-05
2583	6.06571E-05
2584	6.22534E-05
2585	6.22534E-05
2586	6.38496E-05
2587	6.38496E-05
2588	6.54459E-05
2589	6.54459E-05
2590	6.70421E-05
2591	6.70421E-05
2592	6.86383E-05
2593	7.02346E-05
2594	7.02346E-05
2595	7.18308E-05
2596	7.18308E-05
2597	7.34271E-05
2598	7.50233E-05
2599	7.50233E-05
2600	7.66195E-05
2601	7.66195E-05
2602	7.82158E-05
2603	7.9812E-05
2604	7.9812E-05
2605	8.14083E-05
2606	8.30045E-05
2607	8.30045E-05
2608	8.46007E-05
2609	8.6197E-05
2610	8.6197E-05
2611	8.77932E-05
2612	8.93895E-05
2613	8.93895E-05
2614	9.09857E-05
2615	9.2582E-05
2616	9.2582E-05
2617	9.41782E-05
2618	9.57744E-05
2619	9.73707E-05
2620	9.73707E-05
2621	9.89669E-05
2622	0.000100563
2623	0.000102159
2624	0.000102159
2625	0.000103756
2626	0.000105352
2627	0.000106948
2628	0.000106948
2629	0.000108544
2630	0.000110141
2631	0.000111737
2632	0.000113333
2633	0.000114929
2634	0.000114929
2635	0.000116526
2636	0.000118122
2637	0.000119718
2638	0.000121314
2639	0.000122911
2640	0.000124507
2641	0.000126103
2642	0.000127699
2643	0.000127699
2644	0.000129295
2645	0.000130892
2646	0.000132488
2647	0.000134084
2648	0.00013568
2649	0.000137277
2650	0.000138873
2651	0.000140469
2652	0.000142065
2653	0.000143662
2654	0.000145258
2655	0.000146854
2656	0.00014845
2657	0.000150047
2658	0.000153239
2659	0.000154835
2660	0.000156432
2661	0.000158028
2662	0.000159624
2663	0.00016122
2664	0.000162817
2665	0.000164413
2666	0.000167605
2667	0.000169201
2668	0.000170798
2669	0.000172394
2670	0.00017399
2671	0.000177183
2672	0.000178779
2673	0.000180375
2674	0.000181971
2675	0.000185164
2676	0.00018676
2677	0.000188356
2678	0.000189953
2679	0.000193145
2680	0.000194741
2681	0.000196338
2682	0.00019953
2683	0.000201126
2684	0.000204319
2685	0.000205915
2686	0.000207511
2687	0.000210704
2688	0.0002123
2689	0.000215492
2690	0.000217089
2691	0.000220281
2692	0.000221877
2693	0.00022507
2694	0.000226666
2695	0.000229859
2696	0.000233051
2697	0.000234647
2698	0.00023784
2699	0.000239436
2700	0.000242629
2701	0.000245821
2702	0.000247417
2703	0.00025061
2704	0.000253802
2705	0.000256995
2706	0.000258591
2707	0.000261783
2708	0.000264976
2709	0.000268168
2710	0.000271361
2711	0.000272957
2712	0.00027615
2713	0.000279342
2714	0.000282535
2715	0.000285727
2716	0.00028892
2717	0.000292112
2718	0.000295304
2719	0.000298497
2720	0.000301689
2721	0.000304882
2722	0.000308074
2723	0.000312863
2724	0.000316056
2725	0.000319248
2726	0.000322441
2727	0.000325633
2728	0.000330422
2729	0.000333614
2730	0.000336807
2731	0.000339999
2732	0.000344788
2733	0.00034798
2734	0.000352769
2735	0.000355962
2736	0.000359154
2737	0.000363943
2738	0.000368732
2739	0.000371924
2740	0.000376713
2741	0.000379905
2742	0.000384694
2743	0.000389483
2744	0.000392675
2745	0.000397464
2746	0.000402253
2747	0.000407041
2748	0.00041183
2749	0.000415023
2750	0.000419811
2751	0.0004246
2752	0.000429389
2753	0.000434177
2754	0.000438966
2755	0.000443755
2756	0.00045014
2757	0.000454929
2758	0.000459717
2759	0.000464506
2760	0.000470891
2761	0.00047568
2762	0.000480468
2763	0.000486853
2764	0.000491642
2765	0.000498027
2766	0.000502816
2767	0.000509201
2768	0.000515586
2769	0.000520374
2770	0.000526759
2771	0.000533144
2772	0.000539529
2773	0.000545914
2774	0.000552299
2775	0.000558684
2776	0.000565069
2777	0.000571454
2778	0.000577839
2779	0.000584224
2780	0.000592205
2781	0.00059859
2782	0.000606571
2783	0.000612956
2784	0.000620938
2785	0.000627323
2786	0.000635304
2787	0.000643285
2788	0.00064967
2789	0.000657651
2790	0.000665632
2791	0.000673614
2792	0.000681595
2793	0.000691172
2794	0.000699153
2795	0.000707135
2796	0.000716712
2797	0.000724693
2798	0.000734271
2799	0.000742252
2800	0.000751829
2801	0.000761407
2802	0.000770984
2803	0.000780562
2804	0.000790139
2805	0.000799717
2806	0.000809294
2807	0.000820468
2808	0.000830045
2809	0.000841219
2810	0.000850796
2811	0.00086197
2812	0.000873144
2813	0.000884317
2814	0.000895491
2815	0.000908261
2816	0.000919435
2817	0.000930608
2818	0.000943378
2819	0.000956148
2820	0.000968918
2821	0.000980092
2822	0.000994458
2823	0.001007228
2824	0.001019998
2825	0.001034364
2826	0.001047134
2827	0.0010615
2828	0.001075866
2829	0.001090232
2830	0.001106195
2831	0.001120561
2832	0.001136523
2833	0.001152486
2834	0.001168448
2835	0.00118441
2836	0.001200373
2837	0.001217932
2838	0.001233894
2839	0.001251453
2840	0.001269011
2841	0.001288166
2842	0.001305725
2843	0.00132488
2844	0.001344035
2845	0.001363189
2846	0.001383941
2847	0.001403095
2848	0.001423847
2849	0.001444598
2850	0.001466945
2851	0.001489292
2852	0.00151164
2853	0.001533987
2854	0.001556335
2855	0.001580278
2856	0.001604222
2857	0.001629762
2858	0.001655301
2859	0.001680841
2860	0.001706381
2861	0.001733517
2862	0.001760653
2863	0.001789386
2864	0.001818118
2865	0.00184685
2866	0.001877179
2867	0.001907507
2868	0.001939432
2869	0.001971357
2870	0.002003282
2871	0.002036803
2872	0.002070324
2873	0.002105441
2874	0.002142155
2875	0.002178868
2876	0.002215582
2877	0.002253892
2878	0.002293798
2879	0.002333704
2880	0.002375206
2881	0.002416708
2882	0.002461403
2883	0.002504501
2884	0.002550792
2885	0.002597083
2886	0.002644971
2887	0.002694454
2888	0.002745534
2889	0.002796613
2890	0.002849289
2891	0.002905158
2892	0.002961026
2893	0.003018491
2894	0.003077552
2895	0.003138209
2896	0.003200462
2897	0.003265908
2898	0.003331354
2899	0.003399992
2900	0.003470227
2901	0.003542058
2902	0.003617081
2903	0.003693701
2904	0.003773513
2905	0.003854921
2906	0.003937925
2907	0.004025719
2908	0.004115108
2909	0.004206094
2910	0.004301868
2911	0.004400835
2912	0.004502995
2913	0.00460675
2914	0.004716891
2915	0.004828628
2916	0.004945153
2917	0.005066467
2918	0.005190974
2919	0.00532027
2920	0.005454354
2921	0.005593227
2922	0.005738485
2923	0.005888531
2924	0.006043367
2925	0.006204587
2926	0.006373788
2927	0.006547779
2928	0.00672975
2929	0.006919703
2930	0.007117637
2931	0.007323552
2932	0.007539044
2933	0.007762518
2934	0.007997165
2935	0.00824139
2936	0.008498385
2937	0.008766553
2938	0.009047491
2939	0.0093412
2940	0.00965087
2941	0.009974907
2942	0.010316503
2943	0.01067406
2944	0.011052369
2945	0.011449833
2946	0.011869645
2947	0.012311803
2948	0.012781098
2949	0.013275933
2950	0.013801096
2951	0.014358184
2952	0.014948793
2953	0.015579308
2954	0.016248132
2955	0.016963248
2956	0.017726251
2957	0.01854193
2958	0.01941667
2959	0.020356856
2960	0.02136568
2961	0.022454316
2962	0.023630745
2963	0.024902949
2964	0.026283697
2965	0.027784163
2966	0.029421906
2967	0.031212887
2968	0.033176263
2969	0.035337573
2970	0.037725549
2971	0.040370519
2972	0.043315583
2973	0.046607031
2974	0.050303924
2975	0.054478093
2976	0.059215735
2977	0.064626991
2978	0.070845944
2979	0.078046585
2980	0.086449195
2981	0.096333116
2982	0.10806708
2983	0.122133152
2984	0.139163442
2985	0.159989593
2986	0.18570822
2987	0.217717631
2988	0.257719419
2989	0.307528509
2990	0.368439451
2991	0.439698821
2992	0.515804378
2993	0.583955867
2994	0.626198777
2995	0.630061679
2996	0.599343626
2997	0.551124392
2998	0.503218021
2999	0.466727962
3000	0.44647167
3001	0.444035807
3002	0.460108353
3003	0.495535315
3004	0.551319133
3005	0.627498116
3006	0.720688235
3007	0.820930544
3008	0.911204332
3009	0.973936585
3010	1
3011	0.988053736
3012	0.937599765
3013	0.851359678
3014	0.741943774
3015	0.627710416
3016	0.52291084
3017	0.433922027
3018	0.361361721
3019	0.303212274
3020	0.256788811
3021	0.219591618
3022	0.189564737
3023	0.165105543
3024	0.144984931
3025	0.128275486
3026	0.114268475
3027	0.102422774
3028	0.092324956
3029	0.083649389
3030	0.076143866
3031	0.069608857
3032	0.063883142
3033	0.058840619
3034	0.054375934
3035	0.050404487
3036	0.046854448
3037	0.043668352
3038	0.040799908
3039	0.038206017
3040	0.035854755
3041	0.033714196
3042	0.031760398
3043	0.029972609
3044	0.028331673
3045	0.026823226
3046	0.0254329
3047	0.024147927
3048	0.022957131
3049	0.021852533
3050	0.02082615
3051	0.019871598
3052	0.0189793
3053	0.018147659
3054	0.017367097
3055	0.016637615
3056	0.015951232
3057	0.015307947
3058	0.014701375
3059	0.014131517
3060	0.013591988
3061	0.013082787
3062	0.012602319
3063	0.01214739
3064	0.011716406
3065	0.011307768
3066	0.010919881
3067	0.01055115
3068	0.010199977
3069	0.009866363
3070	0.009548711
3071	0.009245425
3072	0.008956506
3073	0.008681952
3074	0.008416976
3075	0.008166367
3076	0.007923738
3077	0.007693879
3078	0.007472002
3079	0.007261298
3080	0.007056979
3081	0.006862238
3082	0.006675478
3083	0.006495103
3084	0.006322709
3085	0.006155104
3086	0.005995479
3087	0.005840644
3088	0.005692194
3089	0.005550128
3090	0.005411255
3091	0.005278767
3092	0.005151068
3093	0.005026561
3094	0.004906843
3095	0.004790318
3096	0.004678581
3097	0.004571633
3098	0.004466281
3099	0.004365718
3100	0.004266751
3101	0.004172573
3102	0.004079991
3103	0.003992198
3104	0.003906001
3105	0.0038214
3106	0.003739992
3107	0.003661776
3108	0.003585156
3109	0.003511729
3110	0.003438302
3111	0.003369664
3112	0.003301025
3113	0.003233983
3114	0.003170134
3115	0.00310788
3116	0.003047223
3117	0.002988162
3118	0.002930698
3119	0.002874829
3120	0.002818961
