# v / cm^-1  DOS / states (q-point cm^-1)^-1
  -110.000    0.0959
  -109.000    0.0968
  -108.000    0.0977
  -107.000    0.0987
  -106.000    0.0997
  -105.000    0.1006
  -104.000    0.1016
  -103.000    0.1026
  -102.000    0.1037
  -101.000    0.1047
  -100.000    0.1058
   -99.000    0.1069
   -98.000    0.1080
   -97.000    0.1092
   -96.000    0.1103
   -95.000    0.1115
   -94.000    0.1127
   -93.000    0.1139
   -92.000    0.1152
   -91.000    0.1165
   -90.000    0.1178
   -89.000    0.1191
   -88.000    0.1205
   -87.000    0.1219
   -86.000    0.1233
   -85.000    0.1247
   -84.000    0.1262
   -83.000    0.1277
   -82.000    0.1293
   -81.000    0.1309
   -80.000    0.1325
   -79.000    0.1342
   -78.000    0.1358
   -77.000    0.1376
   -76.000    0.1394
   -75.000    0.1412
   -74.000    0.1430
   -73.000    0.1450
   -72.000    0.1469
   -71.000    0.1489
   -70.000    0.1510
   -69.000    0.1531
   -68.000    0.1553
   -67.000    0.1575
   -66.000    0.1598
   -65.000    0.1621
   -64.000    0.1645
   -63.000    0.1670
   -62.000    0.1695
   -61.000    0.1722
   -60.000    0.1749
   -59.000    0.1776
   -58.000    0.1805
   -57.000    0.1834
   -56.000    0.1865
   -55.000    0.1896
   -54.000    0.1928
   -53.000    0.1962
   -52.000    0.1996
   -51.000    0.2031
   -50.000    0.2068
   -49.000    0.2106
   -48.000    0.2145
   -47.000    0.2186
   -46.000    0.2228
   -45.000    0.2272
   -44.000    0.2317
   -43.000    0.2364
   -42.000    0.2412
   -41.000    0.2463
   -40.000    0.2516
   -39.000    0.2570
   -38.000    0.2627
   -37.000    0.2687
   -36.000    0.2749
   -35.000    0.2813
   -34.000    0.2881
   -33.000    0.2952
   -32.000    0.3026
   -31.000    0.3103
   -30.000    0.3184
   -29.000    0.3269
   -28.000    0.3359
   -27.000    0.3453
   -26.000    0.3553
   -25.000    0.3657
   -24.000    0.3768
   -23.000    0.3885
   -22.000    0.4009
   -21.000    0.4141
   -20.000    0.4281
   -19.000    0.4430
   -18.000    0.4588
   -17.000    0.4758
   -16.000    0.4941
   -15.000    0.5136
   -14.000    0.5347
   -13.000    0.5574
   -12.000    0.5820
   -11.000    0.6087
   -10.000    0.6379
    -9.000    0.6697
    -8.000    0.7047
    -7.000    0.7433
    -6.000    0.7861
    -5.000    0.8338
    -4.000    0.8873
    -3.000    0.9476
    -2.000    1.0161
    -1.000    1.0945
     0.000    1.1850
     1.000    1.2902
     2.000    1.4132
     3.000    1.5578
     4.000    1.7277
     5.000    1.9263
     6.000    2.1557
     7.000    2.4168
     8.000    2.7103
     9.000    3.0374
    10.000    3.4011
    11.000    3.8053
    12.000    4.2530
    13.000    4.7436
    14.000    5.2695
    15.000    5.8143
    16.000    6.3567
    17.000    6.8837
    18.000    7.4009
    19.000    7.9255
    20.000    8.4610
    21.000    8.9735
    22.000    9.3949
    23.000    9.6610
    24.000    9.7554
    25.000    9.7195
    26.000    9.6262
    27.000    9.5511
    28.000    9.5557
    29.000    9.6801
    30.000    9.9459
    31.000   10.3608
    32.000   10.9132
    33.000   11.5533
    34.000   12.1679
    35.000   12.5817
    36.000   12.6155
    37.000   12.1850
    38.000   11.3596
    39.000   10.3197
    40.000    9.2507
    41.000    8.2739
    42.000    7.4442
    43.000    6.7756
    44.000    6.2621
    45.000    5.8895
    46.000    5.6410
    47.000    5.5013
    48.000    5.4571
    49.000    5.4960
    50.000    5.6023
    51.000    5.7525
    52.000    5.9141
    53.000    6.0497
    54.000    6.1251
    55.000    6.1185
    56.000    6.0283
    57.000    5.8758
    58.000    5.6992
    59.000    5.5397
    60.000    5.4307
    61.000    5.3926
    62.000    5.4339
    63.000    5.5529
    64.000    5.7398
    65.000    5.9793
    66.000    6.2562
    67.000    6.5618
    68.000    6.8934
    69.000    7.2502
    70.000    7.6342
    71.000    8.0560
    72.000    8.5414
    73.000    9.1281
    74.000    9.8508
    75.000   10.7208
    76.000   11.7103
    77.000   12.7392
    78.000   13.6601
    79.000   14.2682
    80.000   14.3752
    81.000   13.9328
    82.000   13.0918
    83.000   12.1038
    84.000   11.1652
    85.000   10.3502
    86.000    9.6436
    87.000    9.0036
    88.000    8.4036
    89.000    7.8404
    90.000    7.3207
    91.000    6.8507
    92.000    6.4358
    93.000    6.0801
    94.000    5.7842
    95.000    5.5422
    96.000    5.3420
    97.000    5.1678
    98.000    5.0060
    99.000    4.8512
   100.000    4.7057
   101.000    4.5763
   102.000    4.4722
   103.000    4.4047
   104.000    4.3851
   105.000    4.4231
   106.000    4.5240
   107.000    4.6869
   108.000    4.9028
   109.000    5.1547
   110.000    5.4203
   111.000    5.6776
   112.000    5.9109
   113.000    6.1169
   114.000    6.3041
   115.000    6.4884
   116.000    6.6848
   117.000    6.9001
   118.000    7.1301
   119.000    7.3642
   120.000    7.5885
   121.000    7.7841
   122.000    7.9277
   123.000    8.0009
   124.000    8.0015
   125.000    7.9479
   126.000    7.8733
   127.000    7.8106
   128.000    7.7789
   129.000    7.7779
   130.000    7.7934
   131.000    7.8039
   132.000    7.7907
   133.000    7.7483
   134.000    7.6914
   135.000    7.6498
   136.000    7.6547
   137.000    7.7236
   138.000    7.8508
   139.000    8.0070
   140.000    8.1502
   141.000    8.2439
   142.000    8.2712
   143.000    8.2366
   144.000    8.1602
   145.000    8.0708
   146.000    7.9947
   147.000    7.9445
   148.000    7.9150
   149.000    7.8932
   150.000    7.8748
   151.000    7.8681
   152.000    7.8848
   153.000    7.9316
   154.000    8.0094
   155.000    8.1134
   156.000    8.2347
   157.000    8.3617
   158.000    8.4804
   159.000    8.5747
   160.000    8.6282
   161.000    8.6332
   162.000    8.5998
   163.000    8.5543
   164.000    8.5284
   165.000    8.5454
   166.000    8.6083
   167.000    8.6958
   168.000    8.7749
   169.000    8.8195
   170.000    8.8140
   171.000    8.7459
   172.000    8.6098
   173.000    8.4206
   174.000    8.2140
   175.000    8.0304
   176.000    7.9004
   177.000    7.8376
   178.000    7.8299
   179.000    7.8378
   180.000    7.8115
   181.000    7.7180
   182.000    7.5540
   183.000    7.3423
   184.000    7.1203
   185.000    6.9250
   186.000    6.7813
   187.000    6.6987
   188.000    6.6728
   189.000    6.6882
   190.000    6.7230
   191.000    6.7577
   192.000    6.7820
   193.000    6.7953
   194.000    6.8036
   195.000    6.8173
   196.000    6.8505
   197.000    6.9165
   198.000    7.0201
   199.000    7.1546
   200.000    7.3078
   201.000    7.4711
   202.000    7.6456
   203.000    7.8436
   204.000    8.0811
   205.000    8.3629
   206.000    8.6700
   207.000    8.9624
   208.000    9.1964
   209.000    9.3448
   210.000    9.4020
   211.000    9.3745
   212.000    9.2720
   213.000    9.1074
   214.000    8.9072
   215.000    8.7166
   216.000    8.5844
   217.000    8.5346
   218.000    8.5567
   219.000    8.6230
   220.000    8.7096
   221.000    8.8041
   222.000    8.9034
   223.000    9.0109
   224.000    9.1323
   225.000    9.2695
   226.000    9.4170
   227.000    9.5668
   228.000    9.7137
   229.000    9.8584
   230.000   10.0085
   231.000   10.1712
   232.000   10.3377
   233.000   10.4726
   234.000   10.5248
   235.000   10.4562
   236.000   10.2705
   237.000   10.0111
   238.000    9.7307
   239.000    9.4633
   240.000    9.2169
   241.000    8.9825
   242.000    8.7441
   243.000    8.4838
   244.000    8.1856
   245.000    7.8405
   246.000    7.4531
   247.000    7.0480
   248.000    6.6706
   249.000    6.3724
   250.000    6.1876
   251.000    6.1141
   252.000    6.1100
   253.000    6.1109
   254.000    6.0644
   255.000    5.9505
   256.000    5.7723
   257.000    5.5376
   258.000    5.2557
   259.000    4.9419
   260.000    4.6196
   261.000    4.3177
   262.000    4.0643
   263.000    3.8817
   264.000    3.7849
   265.000    3.7828
   266.000    3.8814
   267.000    4.0850
   268.000    4.3935
   269.000    4.7956
   270.000    5.2618
   271.000    5.7489
   272.000    6.2215
   273.000    6.6652
   274.000    7.0684
   275.000    7.3972
   276.000    7.6021
   277.000    7.6461
   278.000    7.5145
   279.000    7.2015
   280.000    6.7127
   281.000    6.0908
   282.000    5.4181
   283.000    4.7803
   284.000    4.2323
   285.000    3.7925
   286.000    3.4567
   287.000    3.2114
   288.000    3.0423
   289.000    2.9373
   290.000    2.8874
   291.000    2.8865
   292.000    2.9309
   293.000    3.0181
   294.000    3.1462
   295.000    3.3123
   296.000    3.5114
   297.000    3.7365
   298.000    3.9799
   299.000    4.2376
   300.000    4.5166
   301.000    4.8401
   302.000    5.2436
   303.000    5.7574
   304.000    6.3815
   305.000    7.0703
   306.000    7.7382
   307.000    8.2934
   308.000    8.6750
   309.000    8.8608
   310.000    8.8514
   311.000    8.6578
   312.000    8.3074
   313.000    7.8572
   314.000    7.3888
   315.000    6.9863
   316.000    6.7139
   317.000    6.6069
   318.000    6.6769
   319.000    6.9187
   320.000    7.3123
   321.000    7.8201
   322.000    8.3866
   323.000    8.9542
   324.000    9.4839
   325.000    9.9643
   326.000   10.3976
   327.000   10.7736
   328.000   11.0499
   329.000   11.1558
   330.000   11.0234
   331.000   10.6340
   332.000   10.0388
   333.000    9.3272
   334.000    8.5770
   335.000    7.8357
   336.000    7.1306
   337.000    6.4789
   338.000    5.8908
   339.000    5.3677
   340.000    4.9042
   341.000    4.4952
   342.000    4.1424
   343.000    3.8538
   344.000    3.6360
   345.000    3.4870
   346.000    3.3949
   347.000    3.3395
   348.000    3.2950
   349.000    3.2324
   350.000    3.1286
   351.000    2.9782
   352.000    2.7995
   353.000    2.6229
   354.000    2.4747
   355.000    2.3693
   356.000    2.3114
   357.000    2.3007
   358.000    2.3330
   359.000    2.3979
   360.000    2.4758
   361.000    2.5395
   362.000    2.5656
   363.000    2.5482
   364.000    2.4991
   365.000    2.4364
   366.000    2.3755
   367.000    2.3256
   368.000    2.2916
   369.000    2.2760
   370.000    2.2804
   371.000    2.3064
   372.000    2.3561
   373.000    2.4326
   374.000    2.5403
   375.000    2.6852
   376.000    2.8744
   377.000    3.1158
   378.000    3.4153
   379.000    3.7736
   380.000    4.1816
   381.000    4.6183
   382.000    5.0518
   383.000    5.4463
   384.000    5.7723
   385.000    6.0181
   386.000    6.1932
   387.000    6.3239
   388.000    6.4457
   389.000    6.5984
   390.000    6.8247
   391.000    7.1714
   392.000    7.6905
   393.000    8.4380
   394.000    9.4692
   395.000   10.8258
   396.000   12.5084
   397.000   14.4304
   398.000   16.3854
   399.000   18.1016
   400.000   19.3988
   401.000   20.2740
   402.000   20.7942
   403.000   20.9583
   404.000   20.6765
   405.000   19.8459
   406.000   18.4659
   407.000   16.7002
   408.000   14.8100
   409.000   13.0269
   410.000   11.4816
   411.000   10.2124
   412.000    9.2059
   413.000    8.4300
   414.000    7.8471
   415.000    7.4158
   416.000    7.0877
   417.000    6.8152
   418.000    6.5683
   419.000    6.3451
   420.000    6.1617
   421.000    6.0332
   422.000    5.9607
   423.000    5.9300
   424.000    5.9188
   425.000    5.9084
   426.000    5.8901
   427.000    5.8615
   428.000    5.8201
   429.000    5.7618
   430.000    5.6885
   431.000    5.6159
   432.000    5.5749
   433.000    5.5990
   434.000    5.7026
   435.000    5.8620
   436.000    6.0140
   437.000    6.0777
   438.000    5.9904
   439.000    5.7342
   440.000    5.3380
   441.000    4.8617
   442.000    4.3744
   443.000    3.9323
   444.000    3.5658
   445.000    3.2827
   446.000    3.0786
   447.000    2.9453
   448.000    2.8758
   449.000    2.8656
   450.000    2.9142
   451.000    3.0240
   452.000    3.2010
   453.000    3.4528
   454.000    3.7851
   455.000    4.1933
   456.000    4.6499
   457.000    5.0936
   458.000    5.4429
   459.000    5.6444
   460.000    5.7181
   461.000    5.7450
   462.000    5.8112
   463.000    5.9705
   464.000    6.2427
   465.000    6.6305
   466.000    7.1315
   467.000    7.7387
   468.000    8.4209
   469.000    9.0948
   470.000    9.6315
   471.000    9.9333
   472.000   10.0241
   473.000   10.0496
   474.000   10.1809
   475.000   10.5116
   476.000   10.9994
   477.000   11.4624
   478.000   11.6535
   479.000   11.4118
   480.000   10.7750
   481.000    9.9366
   482.000    9.1112
   483.000    8.4329
   484.000    7.9301
   485.000    7.5545
   486.000    7.2302
   487.000    6.8925
   488.000    6.4996
   489.000    6.0297
   490.000    5.4839
   491.000    4.8931
   492.000    4.3085
   493.000    3.7759
   494.000    3.3192
   495.000    2.9416
   496.000    2.6350
   497.000    2.3876
   498.000    2.1880
   499.000    2.0268
   500.000    1.8963
   501.000    1.7908
   502.000    1.7060
   503.000    1.6385
   504.000    1.5858
   505.000    1.5461
   506.000    1.5182
   507.000    1.5012
   508.000    1.4946
   509.000    1.4983
   510.000    1.5123
   511.000    1.5373
   512.000    1.5741
   513.000    1.6240
   514.000    1.6887
   515.000    1.7707
   516.000    1.8732
   517.000    2.0006
   518.000    2.1586
   519.000    2.3548
   520.000    2.5995
   521.000    2.9060
   522.000    3.2922
   523.000    3.7805
   524.000    4.3974
   525.000    5.1691
   526.000    6.1084
   527.000    7.1855
   528.000    8.2842
   529.000    9.1752
   530.000    9.5865
   531.000    9.3857
   532.000    8.6972
   533.000    7.7972
   534.000    6.9294
   535.000    6.2273
   536.000    5.7360
   537.000    5.4564
   538.000    5.3716
   539.000    5.4560
   540.000    5.6725
   541.000    5.9710
   542.000    6.2956
   543.000    6.5992
   544.000    6.8521
   545.000    7.0367
   546.000    7.1349
   547.000    7.1234
   548.000    6.9817
   549.000    6.7081
   550.000    6.3261
   551.000    5.8823
   552.000    5.4347
   553.000    5.0311
   554.000    4.6931
   555.000    4.4187
   556.000    4.1948
   557.000    4.0075
   558.000    3.8473
   559.000    3.7112
   560.000    3.6021
   561.000    3.5267
   562.000    3.4935
   563.000    3.5117
   564.000    3.5912
   565.000    3.7432
   566.000    3.9787
   567.000    4.3050
   568.000    4.7191
   569.000    5.2020
   570.000    5.7236
   571.000    6.2671
   572.000    6.8482
   573.000    7.4894
   574.000    8.1663
   575.000    8.7907
   576.000    9.2755
   577.000    9.6310
   578.000    9.9687
   579.000   10.3932
   580.000   10.9029
   581.000   11.3863
   582.000   11.7048
   583.000   11.7810
   584.000   11.6055
   585.000   11.1894
   586.000   10.5339
   587.000    9.6531
   588.000    8.6262
   589.000    7.5860
   590.000    6.6503
   591.000    5.8800
   592.000    5.2874
   593.000    4.8608
   594.000    4.5827
   595.000    4.4384
   596.000    4.4175
   597.000    4.5125
   598.000    4.7123
   599.000    4.9947
   600.000    5.3217
   601.000    5.6425
   602.000    5.9055
   603.000    6.0671
   604.000    6.0994
   605.000    5.9981
   606.000    5.7941
   607.000    5.5526
   608.000    5.3518
   609.000    5.2555
   610.000    5.3044
   611.000    5.5239
   612.000    5.9337
   613.000    6.5494
   614.000    7.3716
   615.000    8.3560
   616.000    9.3686
   617.000   10.1649
   618.000   10.4749
   619.000   10.1908
   620.000    9.4639
   621.000    8.5783
   622.000    7.7699
   623.000    7.1645
   624.000    6.8075
   625.000    6.7086
   626.000    6.8683
   627.000    7.2839
   628.000    7.9371
   629.000    8.7600
   630.000    9.5892
   631.000   10.1567
   632.000   10.1979
   633.000    9.6428
   634.000    8.6727
   635.000    7.5648
   636.000    6.5243
   637.000    5.6436
   638.000    4.9394
   639.000    4.3947
   640.000    3.9837
   641.000    3.6825
   642.000    3.4720
   643.000    3.3392
   644.000    3.2757
   645.000    3.2781
   646.000    3.3473
   647.000    3.4880
   648.000    3.7091
   649.000    4.0226
   650.000    4.4404
   651.000    4.9688
   652.000    5.5984
   653.000    6.2951
   654.000    7.0003
   655.000    7.6406
   656.000    8.1362
   657.000    8.4070
   658.000    8.3962
   659.000    8.1110
   660.000    7.6353
   661.000    7.0829
   662.000    6.5358
   663.000    6.0279
   664.000    5.5706
   665.000    5.1782
   666.000    4.8727
   667.000    4.6734
   668.000    4.5918
   669.000    4.6340
   670.000    4.8057
   671.000    5.1154
   672.000    5.5719
   673.000    6.1768
   674.000    6.9095
   675.000    7.7136
   676.000    8.5009
   677.000    9.1855
   678.000    9.7188
   679.000   10.0903
   680.000   10.3077
   681.000   10.3845
   682.000   10.3276
   683.000   10.1203
   684.000    9.7335
   685.000    9.1808
   686.000    8.5502
   687.000    7.9683
   688.000    7.5399
   689.000    7.3240
   690.000    7.3449
   691.000    7.6077
   692.000    8.1028
   693.000    8.7983
   694.000    9.6290
   695.000   10.5021
   696.000   11.3245
   697.000   12.0328
   698.000   12.5945
   699.000   12.9705
   700.000   13.0904
   701.000   12.8868
   702.000   12.3665
   703.000   11.6497
   704.000   10.9296
   705.000   10.3812
   706.000   10.0967
   707.000   10.0745
   708.000   10.2386
   709.000   10.4739
   710.000   10.6708
   711.000   10.7487
   712.000   10.6615
   713.000   10.4144
   714.000   10.0773
   715.000    9.7425
   716.000    9.4436
   717.000    9.1134
   718.000    8.6390
   719.000    7.9772
   720.000    7.2012
   721.000    6.4339
   722.000    5.7666
   723.000    5.2382
   724.000    4.8530
   725.000    4.6018
   726.000    4.4742
   727.000    4.4648
   728.000    4.5746
   729.000    4.8116
   730.000    5.1894
   731.000    5.7223
   732.000    6.4149
   733.000    7.2409
   734.000    8.1184
   735.000    8.9018
   736.000    9.4149
   737.000    9.5235
   738.000    9.2045
   739.000    8.5542
   740.000    7.7333
   741.000    6.8976
   742.000    6.1581
   743.000    5.5710
   744.000    5.1522
   745.000    4.8977
   746.000    4.7999
   747.000    4.8552
   748.000    5.0675
   749.000    5.4464
   750.000    6.0007
   751.000    6.7237
   752.000    7.5681
   753.000    8.4197
   754.000    9.0961
   755.000    9.3986
   756.000    9.2104
   757.000    8.5713
   758.000    7.6532
   759.000    6.6584
   760.000    5.7336
   761.000    4.9474
   762.000    4.3123
   763.000    3.8133
   764.000    3.4278
   765.000    3.1340
   766.000    2.9141
   767.000    2.7548
   768.000    2.6465
   769.000    2.5829
   770.000    2.5605
   771.000    2.5784
   772.000    2.6378
   773.000    2.7427
   774.000    2.8996
   775.000    3.1188
   776.000    3.4144
   777.000    3.8052
   778.000    4.3143
   779.000    4.9657
   780.000    5.7743
   781.000    6.7235
   782.000    7.7298
   783.000    8.6158
   784.000    9.1457
   785.000    9.1440
   786.000    8.6122
   787.000    7.7269
   788.000    6.7234
   789.000    5.7777
   790.000    4.9722
   791.000    4.3228
   792.000    3.8141
   793.000    3.4216
   794.000    3.1219
   795.000    2.8956
   796.000    2.7277
   797.000    2.6070
   798.000    2.5253
   799.000    2.4768
   800.000    2.4577
   801.000    2.4655
   802.000    2.4988
   803.000    2.5575
   804.000    2.6424
   805.000    2.7555
   806.000    2.8997
   807.000    3.0793
   808.000    3.3003
   809.000    3.5708
   810.000    3.9015
   811.000    4.3065
   812.000    4.8049
   813.000    5.4216
   814.000    6.1896
   815.000    7.1509
   816.000    8.3569
   817.000    9.8626
   818.000   11.7090
   819.000   13.8838
   820.000   16.2569
   821.000   18.5334
   822.000   20.3103
   823.000   21.2711
   824.000   21.3755
   825.000   20.8746
   826.000   20.1275
   827.000   19.3593
   828.000   18.5680
   829.000   17.6478
   830.000   16.5715
   831.000   15.4508
   832.000   14.4734
   833.000   13.8104
   834.000   13.5586
   835.000   13.7184
   836.000   14.1818
   837.000   14.7282
   838.000   15.0876
   839.000   15.0948
   840.000   14.8071
   841.000   14.4374
   842.000   14.1677
   843.000   14.0127
   844.000   13.8114
   845.000   13.3425
   846.000   12.4888
   847.000   11.3159
   848.000   10.0084
   849.000    8.7521
   850.000    7.6629
   851.000    6.7829
   852.000    6.1092
   853.000    5.6216
   854.000    5.2990
   855.000    5.1265
   856.000    5.0980
   857.000    5.2165
   858.000    5.4936
   859.000    5.9462
   860.000    6.5882
   861.000    7.4093
   862.000    8.3371
   863.000    9.1928
   864.000    9.7024
   865.000    9.6324
   866.000    8.9724
   867.000    7.9426
   868.000    6.8158
   869.000    5.7738
   870.000    4.8896
   871.000    4.1696
   872.000    3.5927
   873.000    3.1318
   874.000    2.7618
   875.000    2.4624
   876.000    2.2177
   877.000    2.0157
   878.000    1.8473
   879.000    1.7056
   880.000    1.5853
   881.000    1.4824
   882.000    1.3936
   883.000    1.3167
   884.000    1.2496
   885.000    1.1909
   886.000    1.1391
   887.000    1.0935
   888.000    1.0530
   889.000    1.0172
   890.000    0.9853
   891.000    0.9570
   892.000    0.9318
   893.000    0.9094
   894.000    0.8896
   895.000    0.8722
   896.000    0.8568
   897.000    0.8435
   898.000    0.8319
   899.000    0.8221
   900.000    0.8138
   901.000    0.8071
   902.000    0.8019
   903.000    0.7980
   904.000    0.7956
   905.000    0.7945
   906.000    0.7947
   907.000    0.7963
   908.000    0.7991
   909.000    0.8033
   910.000    0.8089
   911.000    0.8158
   912.000    0.8242
   913.000    0.8341
   914.000    0.8455
   915.000    0.8586
   916.000    0.8734
   917.000    0.8901
   918.000    0.9087
   919.000    0.9294
   920.000    0.9524
   921.000    0.9779
   922.000    1.0061
   923.000    1.0372
   924.000    1.0716
   925.000    1.1097
   926.000    1.1517
   927.000    1.1982
   928.000    1.2497
   929.000    1.3069
   930.000    1.3705
   931.000    1.4413
   932.000    1.5205
   933.000    1.6093
   934.000    1.7092
   935.000    1.8219
   936.000    1.9498
   937.000    2.0956
   938.000    2.2625
   939.000    2.4548
   940.000    2.6776
   941.000    2.9377
   942.000    3.2435
   943.000    3.6059
   944.000    4.0392
   945.000    4.5619
   946.000    5.1985
   947.000    5.9809
   948.000    6.9506
   949.000    8.1591
   950.000    9.6661
   951.000   11.5276
   952.000   13.7672
   953.000   16.3226
   954.000   18.9892
   955.000   21.4316
   956.000   23.3209
   957.000   24.5150
   958.000   25.1264
   959.000   25.4096
   960.000   25.4987
   961.000   25.2071
   962.000   24.1576
   963.000   22.1780
   964.000   19.5230
   965.000   16.6757
   966.000   14.0312
   967.000   11.7762
   968.000    9.9397
   969.000    8.4761
   970.000    7.3189
   971.000    6.4049
   972.000    5.6820
   973.000    5.1096
   974.000    4.6569
   975.000    4.3012
   976.000    4.0258
   977.000    3.8188
   978.000    3.6721
   979.000    3.5806
   980.000    3.5422
   981.000    3.5574
   982.000    3.6293
   983.000    3.7644
   984.000    3.9728
   985.000    4.2691
   986.000    4.6731
   987.000    5.2097
   988.000    5.9064
   989.000    6.7839
   990.000    7.8347
   991.000    8.9826
   992.000   10.0432
   993.000   10.7482
   994.000   10.8966
   995.000   10.5249
   996.000    9.8870
   997.000    9.2705
   998.000    8.8692
   999.000    8.7735
  1000.000    9.0033
  1001.000    9.5195
  1002.000   10.2018
  1003.000   10.8196
  1004.000   11.0767
  1005.000   10.7781
  1006.000    9.9819
  1007.000    8.9396
  1008.000    7.9063
  1009.000    7.0336
  1010.000    6.3775
  1011.000    5.9440
  1012.000    5.7234
  1013.000    5.7085
  1014.000    5.8995
  1015.000    6.3035
  1016.000    6.9226
  1017.000    7.7296
  1018.000    8.6243
  1019.000    9.3943
  1020.000    9.7522
  1021.000    9.5026
  1022.000    8.7038
  1023.000    7.6121
  1024.000    6.4864
  1025.000    5.4772
  1026.000    4.6346
  1027.000    3.9538
  1028.000    3.4105
  1029.000    2.9770
  1030.000    2.6294
  1031.000    2.3484
  1032.000    2.1191
  1033.000    1.9303
  1034.000    1.7735
  1035.000    1.6422
  1036.000    1.5314
  1037.000    1.4375
  1038.000    1.3574
  1039.000    1.2889
  1040.000    1.2301
  1041.000    1.1797
  1042.000    1.1364
  1043.000    1.0993
  1044.000    1.0678
  1045.000    1.0412
  1046.000    1.0190
  1047.000    1.0009
  1048.000    0.9866
  1049.000    0.9758
  1050.000    0.9685
  1051.000    0.9644
  1052.000    0.9635
  1053.000    0.9659
  1054.000    0.9716
  1055.000    0.9806
  1056.000    0.9932
  1057.000    1.0095
  1058.000    1.0298
  1059.000    1.0545
  1060.000    1.0841
  1061.000    1.1190
  1062.000    1.1599
  1063.000    1.2078
  1064.000    1.2635
  1065.000    1.3285
  1066.000    1.4043
  1067.000    1.4929
  1068.000    1.5968
  1069.000    1.7191
  1070.000    1.8641
  1071.000    2.0369
  1072.000    2.2445
  1073.000    2.4957
  1074.000    2.8025
  1075.000    3.1804
  1076.000    3.6497
  1077.000    4.2363
  1078.000    4.9713
  1079.000    5.8869
  1080.000    7.0040
  1081.000    8.3041
  1082.000    9.6865
  1083.000   10.9416
  1084.000   11.8194
  1085.000   12.2083
  1086.000   12.2457
  1087.000   12.1955
  1088.000   12.2240
  1089.000   12.2773
  1090.000   12.1199
  1091.000   11.5197
  1092.000   10.4547
  1093.000    9.1245
  1094.000    7.7774
  1095.000    6.5730
  1096.000    5.5684
  1097.000    4.7592
  1098.000    4.1171
  1099.000    3.6098
  1100.000    3.2084
  1101.000    2.8902
  1102.000    2.6374
  1103.000    2.4365
  1104.000    2.2776
  1105.000    2.1532
  1106.000    2.0577
  1107.000    1.9870
  1108.000    1.9383
  1109.000    1.9095
  1110.000    1.8995
  1111.000    1.9077
  1112.000    1.9342
  1113.000    1.9798
  1114.000    2.0461
  1115.000    2.1351
  1116.000    2.2503
  1117.000    2.3959
  1118.000    2.5779
  1119.000    2.8042
  1120.000    3.0855
  1121.000    3.4357
  1122.000    3.8736
  1123.000    4.4241
  1124.000    5.1196
  1125.000    6.0009
  1126.000    7.1149
  1127.000    8.5056
  1128.000   10.1879
  1129.000   12.0987
  1130.000   14.0329
  1131.000   15.6267
  1132.000   16.4697
  1133.000   16.3180
  1134.000   15.2360
  1135.000   13.5434
  1136.000   11.6324
  1137.000    9.8063
  1138.000    8.2232
  1139.000    6.9250
  1140.000    5.8912
  1141.000    5.0786
  1142.000    4.4431
  1143.000    3.9469
  1144.000    3.5603
  1145.000    3.2607
  1146.000    3.0315
  1147.000    2.8607
  1148.000    2.7399
  1149.000    2.6635
  1150.000    2.6282
  1151.000    2.6332
  1152.000    2.6794
  1153.000    2.7701
  1154.000    2.9110
  1155.000    3.1110
  1156.000    3.3823
  1157.000    3.7418
  1158.000    4.2103
  1159.000    4.8119
  1160.000    5.5671
  1161.000    6.4793
  1162.000    7.5091
  1163.000    8.5496
  1164.000    9.4301
  1165.000    9.9737
  1166.000   10.0877
  1167.000    9.8220
  1168.000    9.3500
  1169.000    8.8849
  1170.000    8.5958
  1171.000    8.5690
  1172.000    8.8033
  1173.000    9.2091
  1174.000    9.6134
  1175.000    9.8035
  1176.000    9.6224
  1177.000    9.0538
  1178.000    8.2110
  1179.000    7.2461
  1180.000    6.2772
  1181.000    5.3775
  1182.000    4.5864
  1183.000    3.9178
  1184.000    3.3672
  1185.000    2.9196
  1186.000    2.5571
  1187.000    2.2624
  1188.000    2.0212
  1189.000    1.8222
  1190.000    1.6564
  1191.000    1.5172
  1192.000    1.3992
  1193.000    1.2986
  1194.000    1.2120
  1195.000    1.1372
  1196.000    1.0721
  1197.000    1.0153
  1198.000    0.9654
  1199.000    0.9216
  1200.000    0.8828
  1201.000    0.8485
  1202.000    0.8182
  1203.000    0.7913
  1204.000    0.7674
  1205.000    0.7464
  1206.000    0.7277
  1207.000    0.7113
  1208.000    0.6970
  1209.000    0.6845
  1210.000    0.6738
  1211.000    0.6647
  1212.000    0.6572
  1213.000    0.6511
  1214.000    0.6464
  1215.000    0.6430
  1216.000    0.6410
  1217.000    0.6403
  1218.000    0.6409
  1219.000    0.6428
  1220.000    0.6460
  1221.000    0.6505
  1222.000    0.6564
  1223.000    0.6637
  1224.000    0.6726
  1225.000    0.6830
  1226.000    0.6951
  1227.000    0.7091
  1228.000    0.7249
  1229.000    0.7429
  1230.000    0.7633
  1231.000    0.7861
  1232.000    0.8118
  1233.000    0.8407
  1234.000    0.8730
  1235.000    0.9094
  1236.000    0.9502
  1237.000    0.9962
  1238.000    1.0481
  1239.000    1.1069
  1240.000    1.1735
  1241.000    1.2495
  1242.000    1.3364
  1243.000    1.4363
  1244.000    1.5517
  1245.000    1.6860
  1246.000    1.8430
  1247.000    2.0281
  1248.000    2.2480
  1249.000    2.5113
  1250.000    2.8296
  1251.000    3.2179
  1252.000    3.6962
  1253.000    4.2908
  1254.000    5.0362
  1255.000    5.9753
  1256.000    7.1575
  1257.000    8.6284
  1258.000   10.4015
  1259.000   12.4032
  1260.000   14.4008
  1261.000   15.9859
  1262.000   16.7110
  1263.000   16.3429
  1264.000   15.0175
  1265.000   13.1482
  1266.000   11.1766
  1267.000    9.3897
  1268.000    7.9013
  1269.000    6.7177
  1270.000    5.8006
  1271.000    5.1027
  1272.000    4.5819
  1273.000    4.2055
  1274.000    3.9502
  1275.000    3.8014
  1276.000    3.7519
  1277.000    3.8012
  1278.000    3.9560
  1279.000    4.2294
  1280.000    4.6407
  1281.000    5.2123
  1282.000    5.9600
  1283.000    6.8702
  1284.000    7.8597
  1285.000    8.7350
  1286.000    9.2186
  1287.000    9.1015
  1288.000    8.4121
  1289.000    7.3900
  1290.000    6.3004
  1291.000    5.3087
  1292.000    4.4762
  1293.000    3.8044
  1294.000    3.2708
  1295.000    2.8486
  1296.000    2.5136
  1297.000    2.2463
  1298.000    2.0318
  1299.000    1.8585
  1300.000    1.7181
  1301.000    1.6040
  1302.000    1.5114
  1303.000    1.4368
  1304.000    1.3774
  1305.000    1.3310
  1306.000    1.2964
  1307.000    1.2723
  1308.000    1.2582
  1309.000    1.2537
  1310.000    1.2588
  1311.000    1.2736
  1312.000    1.2990
  1313.000    1.3358
  1314.000    1.3854
  1315.000    1.4499
  1316.000    1.5319
  1317.000    1.6350
  1318.000    1.7640
  1319.000    1.9252
  1320.000    2.1271
  1321.000    2.3810
  1322.000    2.7020
  1323.000    3.1096
  1324.000    3.6277
  1325.000    4.2831
  1326.000    5.0971
  1327.000    6.0665
  1328.000    7.1256
  1329.000    8.1040
  1330.000    8.7343
  1331.000    8.7830
  1332.000    8.2315
  1333.000    7.2926
  1334.000    6.2397
  1335.000    5.2598
  1336.000    4.4310
  1337.000    3.7628
  1338.000    3.2358
  1339.000    2.8234
  1340.000    2.5011
  1341.000    2.2489
  1342.000    2.0513
  1343.000    1.8965
  1344.000    1.7759
  1345.000    1.6830
  1346.000    1.6128
  1347.000    1.5621
  1348.000    1.5281
  1349.000    1.5091
  1350.000    1.5040
  1351.000    1.5122
  1352.000    1.5336
  1353.000    1.5685
  1354.000    1.6178
  1355.000    1.6828
  1356.000    1.7657
  1357.000    1.8692
  1358.000    1.9972
  1359.000    2.1548
  1360.000    2.3489
  1361.000    2.5887
  1362.000    2.8863
  1363.000    3.2578
  1364.000    3.7242
  1365.000    4.3111
  1366.000    5.0470
  1367.000    5.9552
  1368.000    7.0333
  1369.000    8.2147
  1370.000    9.3253
  1371.000   10.0973
  1372.000   10.3095
  1373.000    9.9713
  1374.000    9.3212
  1375.000    8.6408
  1376.000    8.1066
  1377.000    7.7699
  1378.000    7.5971
  1379.000    7.5189
  1380.000    7.4678
  1381.000    7.3993
  1382.000    7.2942
  1383.000    7.1555
  1384.000    7.0085
  1385.000    6.8994
  1386.000    6.8811
  1387.000    6.9892
  1388.000    7.2235
  1389.000    7.5447
  1390.000    7.8921
  1391.000    8.2133
  1392.000    8.4878
  1393.000    8.7285
  1394.000    8.9645
  1395.000    9.2259
  1396.000    9.5384
  1397.000    9.9241
  1398.000   10.4021
  1399.000   10.9900
  1400.000   11.7094
  1401.000   12.5907
  1402.000   13.6671
  1403.000   14.9587
  1404.000   16.4446
  1405.000   18.0184
  1406.000   19.4360
  1407.000   20.3095
  1408.000   20.2379
  1409.000   19.0668
  1410.000   17.0405
  1411.000   14.6450
  1412.000   12.3120
  1413.000   10.2740
  1414.000    8.5943
  1415.000    7.2479
  1416.000    6.1800
  1417.000    5.3342
  1418.000    4.6628
  1419.000    4.1281
  1420.000    3.7017
  1421.000    3.3629
  1422.000    3.0967
  1423.000    2.8930
  1424.000    2.7454
  1425.000    2.6502
  1426.000    2.6051
  1427.000    2.6067
  1428.000    2.6456
  1429.000    2.7005
  1430.000    2.7370
  1431.000    2.7186
  1432.000    2.6259
  1433.000    2.4676
  1434.000    2.2709
  1435.000    2.0653
  1436.000    1.8724
  1437.000    1.7034
  1438.000    1.5614
  1439.000    1.4448
  1440.000    1.3499
  1441.000    1.2730
  1442.000    1.2106
  1443.000    1.1602
  1444.000    1.1196
  1445.000    1.0873
  1446.000    1.0622
  1447.000    1.0433
  1448.000    1.0302
  1449.000    1.0223
  1450.000    1.0195
  1451.000    1.0216
  1452.000    1.0287
  1453.000    1.0410
  1454.000    1.0587
  1455.000    1.0822
  1456.000    1.1122
  1457.000    1.1494
  1458.000    1.1950
  1459.000    1.2501
  1460.000    1.3166
  1461.000    1.3966
  1462.000    1.4930
  1463.000    1.6095
  1464.000    1.7510
  1465.000    1.9238
  1466.000    2.1364
  1467.000    2.4001
  1468.000    2.7296
  1469.000    3.1440
  1470.000    3.6670
  1471.000    4.3247
  1472.000    5.1382
  1473.000    6.1053
  1474.000    7.1656
  1475.000    8.1623
  1476.000    8.8501
  1477.000    9.0080
  1478.000    8.5958
  1479.000    7.7841
  1480.000    6.8251
  1481.000    5.9156
  1482.000    5.1547
  1483.000    4.5692
  1484.000    4.1509
  1485.000    3.8801
  1486.000    3.7348
  1487.000    3.6899
  1488.000    3.7108
  1489.000    3.7494
  1490.000    3.7554
  1491.000    3.7040
  1492.000    3.6120
  1493.000    3.5220
  1494.000    3.4752
  1495.000    3.4990
  1496.000    3.6095
  1497.000    3.8188
  1498.000    4.1411
  1499.000    4.5958
  1500.000    5.2080
  1501.000    6.0064
  1502.000    7.0133
  1503.000    8.2240
  1504.000    9.5765
  1505.000   10.9281
  1506.000   12.0654
  1507.000   12.7499
  1508.000   12.7943
  1509.000   12.1671
  1510.000   11.0478
  1511.000    9.7344
  1512.000    8.4880
  1513.000    7.4564
  1514.000    6.6897
  1515.000    6.1853
  1516.000    5.9181
  1517.000    5.8493
  1518.000    5.9191
  1519.000    6.0387
  1520.000    6.0984
  1521.000    6.0027
  1522.000    5.7096
  1523.000    5.2463
  1524.000    4.6888
  1525.000    4.1220
  1526.000    3.6071
  1527.000    3.1715
  1528.000    2.8184
  1529.000    2.5389
  1530.000    2.3210
  1531.000    2.1535
  1532.000    2.0274
  1533.000    1.9359
  1534.000    1.8742
  1535.000    1.8392
  1536.000    1.8296
  1537.000    1.8451
  1538.000    1.8871
  1539.000    1.9583
  1540.000    2.0632
  1541.000    2.2078
  1542.000    2.4003
  1543.000    2.6493
  1544.000    2.9618
  1545.000    3.3366
  1546.000    3.7563
  1547.000    4.1832
  1548.000    4.5740
  1549.000    4.9064
  1550.000    5.1899
  1551.000    5.4413
  1552.000    5.6597
  1553.000    5.8240
  1554.000    5.9081
  1555.000    5.8970
  1556.000    5.7926
  1557.000    5.6121
  1558.000    5.3828
  1559.000    5.1347
  1560.000    4.8960
  1561.000    4.6937
  1562.000    4.5539
  1563.000    4.5013
  1564.000    4.5546
  1565.000    4.7195
  1566.000    4.9795
  1567.000    5.2915
  1568.000    5.5979
  1569.000    5.8537
  1570.000    6.0445
  1571.000    6.1756
  1572.000    6.2525
  1573.000    6.2805
  1574.000    6.2759
  1575.000    6.2656
  1576.000    6.2684
  1577.000    6.2817
  1578.000    6.2918
  1579.000    6.2972
  1580.000    6.3206
  1581.000    6.3995
  1582.000    6.5611
  1583.000    6.7985
  1584.000    7.0602
  1585.000    7.2715
  1586.000    7.3875
  1587.000    7.4272
  1588.000    7.4463
  1589.000    7.4909
  1590.000    7.5800
  1591.000    7.7083
  1592.000    7.8489
  1593.000    7.9577
  1594.000    7.9899
  1595.000    7.9176
  1596.000    7.7305
  1597.000    7.4358
  1598.000    7.0736
  1599.000    6.7205
  1600.000    6.4631
  1601.000    6.3693
  1602.000    6.4824
  1603.000    6.8292
  1604.000    7.4271
  1605.000    8.2757
  1606.000    9.3286
  1607.000   10.4482
  1608.000   11.3906
  1609.000   11.9007
  1610.000   11.9068
  1611.000   11.5995
  1612.000   11.2796
  1613.000   11.1609
  1614.000   11.2806
  1615.000   11.4901
  1616.000   11.5059
  1617.000   11.0650
  1618.000   10.1192
  1619.000    8.8580
  1620.000    7.5384
  1621.000    6.3355
  1622.000    5.3183
  1623.000    4.4890
  1624.000    3.8225
  1625.000    3.2875
  1626.000    2.8561
  1627.000    2.5052
  1628.000    2.2171
  1629.000    1.9782
  1630.000    1.7780
  1631.000    1.6088
  1632.000    1.4644
  1633.000    1.3403
  1634.000    1.2326
  1635.000    1.1387
  1636.000    1.0563
  1637.000    0.9834
  1638.000    0.9186
  1639.000    0.8608
  1640.000    0.8089
  1641.000    0.7622
  1642.000    0.7199
  1643.000    0.6815
  1644.000    0.6465
  1645.000    0.6145
  1646.000    0.5851
  1647.000    0.5581
  1648.000    0.5332
  1649.000    0.5102
  1650.000    0.4889
  1651.000    0.4691
  1652.000    0.4506
  1653.000    0.4334
  1654.000    0.4173
  1655.000    0.4022
  1656.000    0.3881
  1657.000    0.3748
  1658.000    0.3623
  1659.000    0.3505
  1660.000    0.3394
  1661.000    0.3289
  1662.000    0.3190
  1663.000    0.3096
  1664.000    0.3007
  1665.000    0.2922
  1666.000    0.2841
  1667.000    0.2765
  1668.000    0.2692
  1669.000    0.2622
  1670.000    0.2555
  1671.000    0.2492
  1672.000    0.2431
  1673.000    0.2373
  1674.000    0.2317
  1675.000    0.2264
  1676.000    0.2213
  1677.000    0.2164
  1678.000    0.2117
  1679.000    0.2071
  1680.000    0.2028
  1681.000    0.1986
  1682.000    0.1945
  1683.000    0.1906
  1684.000    0.1869
  1685.000    0.1832
  1686.000    0.1798
  1687.000    0.1764
  1688.000    0.1731
  1689.000    0.1700
  1690.000    0.1669
  1691.000    0.1640
  1692.000    0.1611
  1693.000    0.1583
  1694.000    0.1556
  1695.000    0.1530
  1696.000    0.1505
  1697.000    0.1481
  1698.000    0.1457
  1699.000    0.1434
  1700.000    0.1412
  1701.000    0.1390
  1702.000    0.1369
  1703.000    0.1348
  1704.000    0.1328
  1705.000    0.1309
  1706.000    0.1290
  1707.000    0.1271
  1708.000    0.1253
  1709.000    0.1236
  1710.000    0.1219
  1711.000    0.1202
  1712.000    0.1186
  1713.000    0.1170
  1714.000    0.1155
  1715.000    0.1140
  1716.000    0.1125
  1717.000    0.1111
  1718.000    0.1097
  1719.000    0.1083
  1720.000    0.1070
  1721.000    0.1057
  1722.000    0.1044
  1723.000    0.1031
  1724.000    0.1019
  1725.000    0.1007
  1726.000    0.0995
  1727.000    0.0984
  1728.000    0.0973
  1729.000    0.0962
  1730.000    0.0951
  1731.000    0.0941
  1732.000    0.0930
  1733.000    0.0920
  1734.000    0.0910
  1735.000    0.0901
  1736.000    0.0891
  1737.000    0.0882
  1738.000    0.0873
  1739.000    0.0864
  1740.000    0.0855
  1741.000    0.0846
  1742.000    0.0838
  1743.000    0.0829
  1744.000    0.0821
  1745.000    0.0813
  1746.000    0.0805
  1747.000    0.0798
  1748.000    0.0790
  1749.000    0.0783
  1750.000    0.0775
  1751.000    0.0768
  1752.000    0.0761
  1753.000    0.0754
  1754.000    0.0747
  1755.000    0.0741
  1756.000    0.0734
  1757.000    0.0728
  1758.000    0.0721
  1759.000    0.0715
  1760.000    0.0709
  1761.000    0.0703
  1762.000    0.0697
  1763.000    0.0691
  1764.000    0.0685
  1765.000    0.0679
  1766.000    0.0674
  1767.000    0.0668
  1768.000    0.0663
  1769.000    0.0657
  1770.000    0.0652
  1771.000    0.0647
  1772.000    0.0642
  1773.000    0.0637
  1774.000    0.0632
  1775.000    0.0627
  1776.000    0.0622
  1777.000    0.0617
  1778.000    0.0613
  1779.000    0.0608
  1780.000    0.0603
  1781.000    0.0599
  1782.000    0.0594
  1783.000    0.0590
  1784.000    0.0586
  1785.000    0.0581
  1786.000    0.0577
  1787.000    0.0573
  1788.000    0.0569
  1789.000    0.0565
  1790.000    0.0561
  1791.000    0.0557
  1792.000    0.0553
  1793.000    0.0549
  1794.000    0.0546
  1795.000    0.0542
  1796.000    0.0538
  1797.000    0.0535
  1798.000    0.0531
  1799.000    0.0528
  1800.000    0.0524
  1801.000    0.0521
  1802.000    0.0517
  1803.000    0.0514
  1804.000    0.0511
  1805.000    0.0507
  1806.000    0.0504
  1807.000    0.0501
  1808.000    0.0498
  1809.000    0.0495
  1810.000    0.0491
  1811.000    0.0488
  1812.000    0.0485
  1813.000    0.0482
  1814.000    0.0479
  1815.000    0.0477
  1816.000    0.0474
  1817.000    0.0471
  1818.000    0.0468
  1819.000    0.0465
  1820.000    0.0462
  1821.000    0.0460
  1822.000    0.0457
  1823.000    0.0454
  1824.000    0.0452
  1825.000    0.0449
  1826.000    0.0447
  1827.000    0.0444
  1828.000    0.0441
  1829.000    0.0439
  1830.000    0.0437
  1831.000    0.0434
  1832.000    0.0432
  1833.000    0.0429
  1834.000    0.0427
  1835.000    0.0425
  1836.000    0.0422
  1837.000    0.0420
  1838.000    0.0418
  1839.000    0.0415
  1840.000    0.0413
  1841.000    0.0411
  1842.000    0.0409
  1843.000    0.0407
  1844.000    0.0405
  1845.000    0.0402
  1846.000    0.0400
  1847.000    0.0398
  1848.000    0.0396
  1849.000    0.0394
  1850.000    0.0392
  1851.000    0.0390
  1852.000    0.0388
  1853.000    0.0386
  1854.000    0.0384
  1855.000    0.0382
  1856.000    0.0381
  1857.000    0.0379
  1858.000    0.0377
  1859.000    0.0375
  1860.000    0.0373
  1861.000    0.0371
  1862.000    0.0370
  1863.000    0.0368
  1864.000    0.0366
  1865.000    0.0364
  1866.000    0.0363
  1867.000    0.0361
  1868.000    0.0359
  1869.000    0.0357
  1870.000    0.0356
  1871.000    0.0354
  1872.000    0.0353
  1873.000    0.0351
  1874.000    0.0349
  1875.000    0.0348
  1876.000    0.0346
  1877.000    0.0345
  1878.000    0.0343
  1879.000    0.0341
  1880.000    0.0340
  1881.000    0.0338
  1882.000    0.0337
  1883.000    0.0335
  1884.000    0.0334
  1885.000    0.0332
  1886.000    0.0331
  1887.000    0.0330
  1888.000    0.0328
  1889.000    0.0327
  1890.000    0.0325
  1891.000    0.0324
  1892.000    0.0323
  1893.000    0.0321
  1894.000    0.0320
  1895.000    0.0319
  1896.000    0.0317
  1897.000    0.0316
  1898.000    0.0315
  1899.000    0.0313
  1900.000    0.0312
  1901.000    0.0311
  1902.000    0.0309
  1903.000    0.0308
  1904.000    0.0307
  1905.000    0.0306
  1906.000    0.0304
  1907.000    0.0303
  1908.000    0.0302
  1909.000    0.0301
  1910.000    0.0300
  1911.000    0.0298
  1912.000    0.0297
  1913.000    0.0296
  1914.000    0.0295
  1915.000    0.0294
  1916.000    0.0293
  1917.000    0.0291
  1918.000    0.0290
  1919.000    0.0289
  1920.000    0.0288
  1921.000    0.0287
  1922.000    0.0286
  1923.000    0.0285
  1924.000    0.0284
  1925.000    0.0283
  1926.000    0.0282
  1927.000    0.0281
  1928.000    0.0280
  1929.000    0.0279
  1930.000    0.0278
  1931.000    0.0276
  1932.000    0.0275
  1933.000    0.0274
  1934.000    0.0273
  1935.000    0.0272
  1936.000    0.0272
  1937.000    0.0271
  1938.000    0.0270
  1939.000    0.0269
  1940.000    0.0268
  1941.000    0.0267
  1942.000    0.0266
  1943.000    0.0265
  1944.000    0.0264
  1945.000    0.0263
  1946.000    0.0262
  1947.000    0.0261
  1948.000    0.0260
  1949.000    0.0259
  1950.000    0.0258
  1951.000    0.0258
  1952.000    0.0257
  1953.000    0.0256
  1954.000    0.0255
  1955.000    0.0254
  1956.000    0.0253
  1957.000    0.0252
  1958.000    0.0252
  1959.000    0.0251
  1960.000    0.0250
  1961.000    0.0249
  1962.000    0.0248
  1963.000    0.0247
  1964.000    0.0247
  1965.000    0.0246
  1966.000    0.0245
  1967.000    0.0244
  1968.000    0.0243
  1969.000    0.0243
  1970.000    0.0242
  1971.000    0.0241
  1972.000    0.0240
  1973.000    0.0239
  1974.000    0.0239
  1975.000    0.0238
  1976.000    0.0237
  1977.000    0.0236
  1978.000    0.0236
  1979.000    0.0235
  1980.000    0.0234
  1981.000    0.0234
  1982.000    0.0233
  1983.000    0.0232
  1984.000    0.0231
  1985.000    0.0231
  1986.000    0.0230
  1987.000    0.0229
  1988.000    0.0229
  1989.000    0.0228
  1990.000    0.0227
  1991.000    0.0227
  1992.000    0.0226
  1993.000    0.0225
  1994.000    0.0224
  1995.000    0.0224
  1996.000    0.0223
  1997.000    0.0223
  1998.000    0.0222
  1999.000    0.0221
  2000.000    0.0221
  2001.000    0.0220
  2002.000    0.0219
  2003.000    0.0219
  2004.000    0.0218
  2005.000    0.0217
  2006.000    0.0217
  2007.000    0.0216
  2008.000    0.0216
  2009.000    0.0215
  2010.000    0.0214
  2011.000    0.0214
  2012.000    0.0213
  2013.000    0.0213
  2014.000    0.0212
  2015.000    0.0211
  2016.000    0.0211
  2017.000    0.0210
  2018.000    0.0210
  2019.000    0.0209
  2020.000    0.0208
  2021.000    0.0208
  2022.000    0.0207
  2023.000    0.0207
  2024.000    0.0206
  2025.000    0.0206
  2026.000    0.0205
  2027.000    0.0204
  2028.000    0.0204
  2029.000    0.0203
  2030.000    0.0203
  2031.000    0.0202
  2032.000    0.0202
  2033.000    0.0201
  2034.000    0.0201
  2035.000    0.0200
  2036.000    0.0200
  2037.000    0.0199
  2038.000    0.0199
  2039.000    0.0198
  2040.000    0.0198
  2041.000    0.0197
  2042.000    0.0197
  2043.000    0.0196
  2044.000    0.0196
  2045.000    0.0195
  2046.000    0.0195
  2047.000    0.0194
  2048.000    0.0194
  2049.000    0.0193
  2050.000    0.0193
  2051.000    0.0192
  2052.000    0.0192
  2053.000    0.0191
  2054.000    0.0191
  2055.000    0.0190
  2056.000    0.0190
  2057.000    0.0189
  2058.000    0.0189
  2059.000    0.0188
  2060.000    0.0188
  2061.000    0.0187
  2062.000    0.0187
  2063.000    0.0187
  2064.000    0.0186
  2065.000    0.0186
  2066.000    0.0185
  2067.000    0.0185
  2068.000    0.0184
  2069.000    0.0184
  2070.000    0.0183
  2071.000    0.0183
  2072.000    0.0183
  2073.000    0.0182
  2074.000    0.0182
  2075.000    0.0181
  2076.000    0.0181
  2077.000    0.0181
  2078.000    0.0180
  2079.000    0.0180
  2080.000    0.0179
  2081.000    0.0179
  2082.000    0.0178
  2083.000    0.0178
  2084.000    0.0178
  2085.000    0.0177
  2086.000    0.0177
  2087.000    0.0176
  2088.000    0.0176
  2089.000    0.0176
  2090.000    0.0175
  2091.000    0.0175
  2092.000    0.0175
  2093.000    0.0174
  2094.000    0.0174
  2095.000    0.0173
  2096.000    0.0173
  2097.000    0.0173
  2098.000    0.0172
  2099.000    0.0172
  2100.000    0.0171
  2101.000    0.0171
  2102.000    0.0171
  2103.000    0.0170
  2104.000    0.0170
  2105.000    0.0170
  2106.000    0.0169
  2107.000    0.0169
  2108.000    0.0169
  2109.000    0.0168
  2110.000    0.0168
  2111.000    0.0168
  2112.000    0.0167
  2113.000    0.0167
  2114.000    0.0167
  2115.000    0.0166
  2116.000    0.0166
  2117.000    0.0165
  2118.000    0.0165
  2119.000    0.0165
  2120.000    0.0164
  2121.000    0.0164
  2122.000    0.0164
  2123.000    0.0163
  2124.000    0.0163
  2125.000    0.0163
  2126.000    0.0163
  2127.000    0.0162
  2128.000    0.0162
  2129.000    0.0162
  2130.000    0.0161
  2131.000    0.0161
  2132.000    0.0161
  2133.000    0.0160
  2134.000    0.0160
  2135.000    0.0160
  2136.000    0.0159
  2137.000    0.0159
  2138.000    0.0159
  2139.000    0.0158
  2140.000    0.0158
  2141.000    0.0158
  2142.000    0.0158
  2143.000    0.0157
  2144.000    0.0157
  2145.000    0.0157
  2146.000    0.0156
  2147.000    0.0156
  2148.000    0.0156
  2149.000    0.0155
  2150.000    0.0155
  2151.000    0.0155
  2152.000    0.0155
  2153.000    0.0154
  2154.000    0.0154
  2155.000    0.0154
  2156.000    0.0154
  2157.000    0.0153
  2158.000    0.0153
  2159.000    0.0153
  2160.000    0.0152
  2161.000    0.0152
  2162.000    0.0152
  2163.000    0.0152
  2164.000    0.0151
  2165.000    0.0151
  2166.000    0.0151
  2167.000    0.0151
  2168.000    0.0150
  2169.000    0.0150
  2170.000    0.0150
  2171.000    0.0150
  2172.000    0.0149
  2173.000    0.0149
  2174.000    0.0149
  2175.000    0.0148
  2176.000    0.0148
  2177.000    0.0148
  2178.000    0.0148
  2179.000    0.0147
  2180.000    0.0147
  2181.000    0.0147
  2182.000    0.0147
  2183.000    0.0147
  2184.000    0.0146
  2185.000    0.0146
  2186.000    0.0146
  2187.000    0.0146
  2188.000    0.0145
  2189.000    0.0145
  2190.000    0.0145
  2191.000    0.0145
  2192.000    0.0144
  2193.000    0.0144
  2194.000    0.0144
  2195.000    0.0144
  2196.000    0.0143
  2197.000    0.0143
  2198.000    0.0143
  2199.000    0.0143
  2200.000    0.0143
  2201.000    0.0142
  2202.000    0.0142
  2203.000    0.0142
  2204.000    0.0142
  2205.000    0.0141
  2206.000    0.0141
  2207.000    0.0141
  2208.000    0.0141
  2209.000    0.0141
  2210.000    0.0140
  2211.000    0.0140
  2212.000    0.0140
  2213.000    0.0140
  2214.000    0.0140
  2215.000    0.0139
  2216.000    0.0139
  2217.000    0.0139
  2218.000    0.0139
  2219.000    0.0139
  2220.000    0.0138
  2221.000    0.0138
  2222.000    0.0138
  2223.000    0.0138
  2224.000    0.0138
  2225.000    0.0137
  2226.000    0.0137
  2227.000    0.0137
  2228.000    0.0137
  2229.000    0.0137
  2230.000    0.0136
  2231.000    0.0136
  2232.000    0.0136
  2233.000    0.0136
  2234.000    0.0136
  2235.000    0.0136
  2236.000    0.0135
  2237.000    0.0135
  2238.000    0.0135
  2239.000    0.0135
  2240.000    0.0135
  2241.000    0.0134
  2242.000    0.0134
  2243.000    0.0134
  2244.000    0.0134
  2245.000    0.0134
  2246.000    0.0134
  2247.000    0.0133
  2248.000    0.0133
  2249.000    0.0133
  2250.000    0.0133
  2251.000    0.0133
  2252.000    0.0133
  2253.000    0.0132
  2254.000    0.0132
  2255.000    0.0132
  2256.000    0.0132
  2257.000    0.0132
  2258.000    0.0132
  2259.000    0.0131
  2260.000    0.0131
  2261.000    0.0131
  2262.000    0.0131
  2263.000    0.0131
  2264.000    0.0131
  2265.000    0.0130
  2266.000    0.0130
  2267.000    0.0130
  2268.000    0.0130
  2269.000    0.0130
  2270.000    0.0130
  2271.000    0.0130
  2272.000    0.0129
  2273.000    0.0129
  2274.000    0.0129
  2275.000    0.0129
  2276.000    0.0129
  2277.000    0.0129
  2278.000    0.0129
  2279.000    0.0128
  2280.000    0.0128
  2281.000    0.0128
  2282.000    0.0128
  2283.000    0.0128
  2284.000    0.0128
  2285.000    0.0128
  2286.000    0.0127
  2287.000    0.0127
  2288.000    0.0127
  2289.000    0.0127
  2290.000    0.0127
  2291.000    0.0127
  2292.000    0.0127
  2293.000    0.0126
  2294.000    0.0126
  2295.000    0.0126
  2296.000    0.0126
  2297.000    0.0126
  2298.000    0.0126
  2299.000    0.0126
  2300.000    0.0126
  2301.000    0.0125
  2302.000    0.0125
  2303.000    0.0125
  2304.000    0.0125
  2305.000    0.0125
  2306.000    0.0125
  2307.000    0.0125
  2308.000    0.0125
  2309.000    0.0125
  2310.000    0.0124
  2311.000    0.0124
  2312.000    0.0124
  2313.000    0.0124
  2314.000    0.0124
  2315.000    0.0124
  2316.000    0.0124
  2317.000    0.0124
  2318.000    0.0123
  2319.000    0.0123
  2320.000    0.0123
  2321.000    0.0123
  2322.000    0.0123
  2323.000    0.0123
  2324.000    0.0123
  2325.000    0.0123
  2326.000    0.0123
  2327.000    0.0123
  2328.000    0.0122
  2329.000    0.0122
  2330.000    0.0122
  2331.000    0.0122
  2332.000    0.0122
  2333.000    0.0122
  2334.000    0.0122
  2335.000    0.0122
  2336.000    0.0122
  2337.000    0.0122
  2338.000    0.0121
  2339.000    0.0121
  2340.000    0.0121
  2341.000    0.0121
  2342.000    0.0121
  2343.000    0.0121
  2344.000    0.0121
  2345.000    0.0121
  2346.000    0.0121
  2347.000    0.0121
  2348.000    0.0121
  2349.000    0.0121
  2350.000    0.0120
  2351.000    0.0120
  2352.000    0.0120
  2353.000    0.0120
  2354.000    0.0120
  2355.000    0.0120
  2356.000    0.0120
  2357.000    0.0120
  2358.000    0.0120
  2359.000    0.0120
  2360.000    0.0120
  2361.000    0.0120
  2362.000    0.0119
  2363.000    0.0119
  2364.000    0.0119
  2365.000    0.0119
  2366.000    0.0119
  2367.000    0.0119
  2368.000    0.0119
  2369.000    0.0119
  2370.000    0.0119
  2371.000    0.0119
  2372.000    0.0119
  2373.000    0.0119
  2374.000    0.0119
  2375.000    0.0119
  2376.000    0.0119
  2377.000    0.0118
  2378.000    0.0118
  2379.000    0.0118
  2380.000    0.0118
  2381.000    0.0118
  2382.000    0.0118
  2383.000    0.0118
  2384.000    0.0118
  2385.000    0.0118
  2386.000    0.0118
  2387.000    0.0118
  2388.000    0.0118
  2389.000    0.0118
  2390.000    0.0118
  2391.000    0.0118
  2392.000    0.0118
  2393.000    0.0118
  2394.000    0.0118
  2395.000    0.0118
  2396.000    0.0117
  2397.000    0.0117
  2398.000    0.0117
  2399.000    0.0117
  2400.000    0.0117
  2401.000    0.0117
  2402.000    0.0117
  2403.000    0.0117
  2404.000    0.0117
  2405.000    0.0117
  2406.000    0.0117
  2407.000    0.0117
  2408.000    0.0117
  2409.000    0.0117
  2410.000    0.0117
  2411.000    0.0117
  2412.000    0.0117
  2413.000    0.0117
  2414.000    0.0117
  2415.000    0.0117
  2416.000    0.0117
  2417.000    0.0117
  2418.000    0.0117
  2419.000    0.0117
  2420.000    0.0117
  2421.000    0.0117
  2422.000    0.0117
  2423.000    0.0117
  2424.000    0.0116
  2425.000    0.0116
  2426.000    0.0116
  2427.000    0.0116
  2428.000    0.0116
  2429.000    0.0116
  2430.000    0.0116
  2431.000    0.0116
  2432.000    0.0116
  2433.000    0.0116
  2434.000    0.0116
  2435.000    0.0116
  2436.000    0.0116
  2437.000    0.0116
  2438.000    0.0116
  2439.000    0.0116
  2440.000    0.0116
  2441.000    0.0116
  2442.000    0.0116
  2443.000    0.0116
  2444.000    0.0116
  2445.000    0.0116
  2446.000    0.0116
  2447.000    0.0116
  2448.000    0.0116
  2449.000    0.0116
  2450.000    0.0116
  2451.000    0.0116
  2452.000    0.0116
  2453.000    0.0116
  2454.000    0.0116
  2455.000    0.0116
  2456.000    0.0116
  2457.000    0.0116
  2458.000    0.0116
  2459.000    0.0116
  2460.000    0.0116
  2461.000    0.0116
  2462.000    0.0116
  2463.000    0.0116
  2464.000    0.0116
  2465.000    0.0116
  2466.000    0.0116
  2467.000    0.0116
  2468.000    0.0116
  2469.000    0.0116
  2470.000    0.0116
  2471.000    0.0116
  2472.000    0.0116
  2473.000    0.0116
  2474.000    0.0116
  2475.000    0.0116
  2476.000    0.0116
  2477.000    0.0116
  2478.000    0.0117
  2479.000    0.0117
  2480.000    0.0117
  2481.000    0.0117
  2482.000    0.0117
  2483.000    0.0117
  2484.000    0.0117
  2485.000    0.0117
  2486.000    0.0117
  2487.000    0.0117
  2488.000    0.0117
  2489.000    0.0117
  2490.000    0.0117
  2491.000    0.0117
  2492.000    0.0117
  2493.000    0.0117
  2494.000    0.0117
  2495.000    0.0117
  2496.000    0.0117
  2497.000    0.0117
  2498.000    0.0117
  2499.000    0.0117
  2500.000    0.0117
  2501.000    0.0117
  2502.000    0.0117
  2503.000    0.0117
  2504.000    0.0117
  2505.000    0.0118
  2506.000    0.0118
  2507.000    0.0118
  2508.000    0.0118
  2509.000    0.0118
  2510.000    0.0118
  2511.000    0.0118
  2512.000    0.0118
  2513.000    0.0118
  2514.000    0.0118
  2515.000    0.0118
  2516.000    0.0118
  2517.000    0.0118
  2518.000    0.0118
  2519.000    0.0118
  2520.000    0.0118
  2521.000    0.0119
  2522.000    0.0119
  2523.000    0.0119
  2524.000    0.0119
  2525.000    0.0119
  2526.000    0.0119
  2527.000    0.0119
  2528.000    0.0119
  2529.000    0.0119
  2530.000    0.0119
  2531.000    0.0119
  2532.000    0.0119
  2533.000    0.0119
  2534.000    0.0120
  2535.000    0.0120
  2536.000    0.0120
  2537.000    0.0120
  2538.000    0.0120
  2539.000    0.0120
  2540.000    0.0120
  2541.000    0.0120
  2542.000    0.0120
  2543.000    0.0120
  2544.000    0.0120
  2545.000    0.0121
  2546.000    0.0121
  2547.000    0.0121
  2548.000    0.0121
  2549.000    0.0121
  2550.000    0.0121
  2551.000    0.0121
  2552.000    0.0121
  2553.000    0.0121
  2554.000    0.0121
  2555.000    0.0122
  2556.000    0.0122
  2557.000    0.0122
  2558.000    0.0122
  2559.000    0.0122
  2560.000    0.0122
  2561.000    0.0122
  2562.000    0.0122
  2563.000    0.0123
  2564.000    0.0123
  2565.000    0.0123
  2566.000    0.0123
  2567.000    0.0123
  2568.000    0.0123
  2569.000    0.0123
  2570.000    0.0123
  2571.000    0.0124
  2572.000    0.0124
  2573.000    0.0124
  2574.000    0.0124
  2575.000    0.0124
  2576.000    0.0124
  2577.000    0.0124
  2578.000    0.0125
  2579.000    0.0125
  2580.000    0.0125
  2581.000    0.0125
  2582.000    0.0125
  2583.000    0.0125
  2584.000    0.0125
  2585.000    0.0126
  2586.000    0.0126
  2587.000    0.0126
  2588.000    0.0126
  2589.000    0.0126
  2590.000    0.0126
  2591.000    0.0127
  2592.000    0.0127
  2593.000    0.0127
  2594.000    0.0127
  2595.000    0.0127
  2596.000    0.0127
  2597.000    0.0128
  2598.000    0.0128
  2599.000    0.0128
  2600.000    0.0128
  2601.000    0.0128
  2602.000    0.0128
  2603.000    0.0129
  2604.000    0.0129
  2605.000    0.0129
  2606.000    0.0129
  2607.000    0.0129
  2608.000    0.0130
  2609.000    0.0130
  2610.000    0.0130
  2611.000    0.0130
  2612.000    0.0130
  2613.000    0.0131
  2614.000    0.0131
  2615.000    0.0131
  2616.000    0.0131
  2617.000    0.0131
  2618.000    0.0132
  2619.000    0.0132
  2620.000    0.0132
  2621.000    0.0132
  2622.000    0.0133
  2623.000    0.0133
  2624.000    0.0133
  2625.000    0.0133
  2626.000    0.0133
  2627.000    0.0134
  2628.000    0.0134
  2629.000    0.0134
  2630.000    0.0134
  2631.000    0.0135
  2632.000    0.0135
  2633.000    0.0135
  2634.000    0.0135
  2635.000    0.0136
  2636.000    0.0136
  2637.000    0.0136
  2638.000    0.0136
  2639.000    0.0137
  2640.000    0.0137
  2641.000    0.0137
  2642.000    0.0137
  2643.000    0.0138
  2644.000    0.0138
  2645.000    0.0138
  2646.000    0.0139
  2647.000    0.0139
  2648.000    0.0139
  2649.000    0.0139
  2650.000    0.0140
  2651.000    0.0140
  2652.000    0.0140
  2653.000    0.0141
  2654.000    0.0141
  2655.000    0.0141
  2656.000    0.0142
  2657.000    0.0142
  2658.000    0.0142
  2659.000    0.0142
  2660.000    0.0143
  2661.000    0.0143
  2662.000    0.0143
  2663.000    0.0144
  2664.000    0.0144
  2665.000    0.0144
  2666.000    0.0145
  2667.000    0.0145
  2668.000    0.0145
  2669.000    0.0146
  2670.000    0.0146
  2671.000    0.0146
  2672.000    0.0147
  2673.000    0.0147
  2674.000    0.0147
  2675.000    0.0148
  2676.000    0.0148
  2677.000    0.0149
  2678.000    0.0149
  2679.000    0.0149
  2680.000    0.0150
  2681.000    0.0150
  2682.000    0.0150
  2683.000    0.0151
  2684.000    0.0151
  2685.000    0.0152
  2686.000    0.0152
  2687.000    0.0152
  2688.000    0.0153
  2689.000    0.0153
  2690.000    0.0154
  2691.000    0.0154
  2692.000    0.0154
  2693.000    0.0155
  2694.000    0.0155
  2695.000    0.0156
  2696.000    0.0156
  2697.000    0.0157
  2698.000    0.0157
  2699.000    0.0157
  2700.000    0.0158
  2701.000    0.0158
  2702.000    0.0159
  2703.000    0.0159
  2704.000    0.0160
  2705.000    0.0160
  2706.000    0.0161
  2707.000    0.0161
  2708.000    0.0162
  2709.000    0.0162
  2710.000    0.0163
  2711.000    0.0163
  2712.000    0.0164
  2713.000    0.0164
  2714.000    0.0165
  2715.000    0.0165
  2716.000    0.0166
  2717.000    0.0166
  2718.000    0.0167
  2719.000    0.0167
  2720.000    0.0168
  2721.000    0.0168
  2722.000    0.0169
  2723.000    0.0169
  2724.000    0.0170
  2725.000    0.0171
  2726.000    0.0171
  2727.000    0.0172
  2728.000    0.0172
  2729.000    0.0173
  2730.000    0.0174
  2731.000    0.0174
  2732.000    0.0175
  2733.000    0.0175
  2734.000    0.0176
  2735.000    0.0177
  2736.000    0.0177
  2737.000    0.0178
  2738.000    0.0178
  2739.000    0.0179
  2740.000    0.0180
  2741.000    0.0180
  2742.000    0.0181
  2743.000    0.0182
  2744.000    0.0182
  2745.000    0.0183
  2746.000    0.0184
  2747.000    0.0184
  2748.000    0.0185
  2749.000    0.0186
  2750.000    0.0187
  2751.000    0.0187
  2752.000    0.0188
  2753.000    0.0189
  2754.000    0.0189
  2755.000    0.0190
  2756.000    0.0191
  2757.000    0.0192
  2758.000    0.0192
  2759.000    0.0193
  2760.000    0.0194
  2761.000    0.0195
  2762.000    0.0196
  2763.000    0.0196
  2764.000    0.0197
  2765.000    0.0198
  2766.000    0.0199
  2767.000    0.0200
  2768.000    0.0201
  2769.000    0.0201
  2770.000    0.0202
  2771.000    0.0203
  2772.000    0.0204
  2773.000    0.0205
  2774.000    0.0206
  2775.000    0.0207
  2776.000    0.0208
  2777.000    0.0209
  2778.000    0.0209
  2779.000    0.0210
  2780.000    0.0211
  2781.000    0.0212
  2782.000    0.0213
  2783.000    0.0214
  2784.000    0.0215
  2785.000    0.0216
  2786.000    0.0217
  2787.000    0.0218
  2788.000    0.0219
  2789.000    0.0220
  2790.000    0.0221
  2791.000    0.0223
  2792.000    0.0224
  2793.000    0.0225
  2794.000    0.0226
  2795.000    0.0227
  2796.000    0.0228
  2797.000    0.0229
  2798.000    0.0230
  2799.000    0.0231
  2800.000    0.0233
  2801.000    0.0234
  2802.000    0.0235
  2803.000    0.0236
  2804.000    0.0237
  2805.000    0.0239
  2806.000    0.0240
  2807.000    0.0241
  2808.000    0.0242
  2809.000    0.0244
  2810.000    0.0245
  2811.000    0.0246
  2812.000    0.0248
  2813.000    0.0249
  2814.000    0.0250
  2815.000    0.0252
  2816.000    0.0253
  2817.000    0.0255
  2818.000    0.0256
  2819.000    0.0257
  2820.000    0.0259
  2821.000    0.0260
  2822.000    0.0262
  2823.000    0.0263
  2824.000    0.0265
  2825.000    0.0266
  2826.000    0.0268
  2827.000    0.0270
  2828.000    0.0271
  2829.000    0.0273
  2830.000    0.0274
  2831.000    0.0276
  2832.000    0.0278
  2833.000    0.0279
  2834.000    0.0281
  2835.000    0.0283
  2836.000    0.0285
  2837.000    0.0286
  2838.000    0.0288
  2839.000    0.0290
  2840.000    0.0292
  2841.000    0.0294
  2842.000    0.0295
  2843.000    0.0297
  2844.000    0.0299
  2845.000    0.0301
  2846.000    0.0303
  2847.000    0.0305
  2848.000    0.0307
  2849.000    0.0309
  2850.000    0.0311
  2851.000    0.0313
  2852.000    0.0316
  2853.000    0.0318
  2854.000    0.0320
  2855.000    0.0322
  2856.000    0.0324
  2857.000    0.0327
  2858.000    0.0329
  2859.000    0.0331
  2860.000    0.0334
  2861.000    0.0336
  2862.000    0.0338
  2863.000    0.0341
  2864.000    0.0343
  2865.000    0.0346
  2866.000    0.0348
  2867.000    0.0351
  2868.000    0.0353
  2869.000    0.0356
  2870.000    0.0359
  2871.000    0.0361
  2872.000    0.0364
  2873.000    0.0367
  2874.000    0.0370
  2875.000    0.0373
  2876.000    0.0376
  2877.000    0.0378
  2878.000    0.0381
  2879.000    0.0384
  2880.000    0.0388
  2881.000    0.0391
  2882.000    0.0394
  2883.000    0.0397
  2884.000    0.0400
  2885.000    0.0404
  2886.000    0.0407
  2887.000    0.0410
  2888.000    0.0414
  2889.000    0.0417
  2890.000    0.0421
  2891.000    0.0424
  2892.000    0.0428
  2893.000    0.0432
  2894.000    0.0435
  2895.000    0.0439
  2896.000    0.0443
  2897.000    0.0447
  2898.000    0.0451
  2899.000    0.0455
  2900.000    0.0459
  2901.000    0.0463
  2902.000    0.0467
  2903.000    0.0472
  2904.000    0.0476
  2905.000    0.0481
  2906.000    0.0485
  2907.000    0.0490
  2908.000    0.0494
  2909.000    0.0499
  2910.000    0.0504
  2911.000    0.0509
  2912.000    0.0514
  2913.000    0.0519
  2914.000    0.0524
  2915.000    0.0529
  2916.000    0.0534
  2917.000    0.0540
  2918.000    0.0545
  2919.000    0.0551
  2920.000    0.0556
  2921.000    0.0562
  2922.000    0.0568
  2923.000    0.0574
  2924.000    0.0580
  2925.000    0.0586
  2926.000    0.0592
  2927.000    0.0599
  2928.000    0.0605
  2929.000    0.0612
  2930.000    0.0619
  2931.000    0.0626
  2932.000    0.0632
  2933.000    0.0640
  2934.000    0.0647
  2935.000    0.0654
  2936.000    0.0662
  2937.000    0.0669
  2938.000    0.0677
  2939.000    0.0685
  2940.000    0.0693
  2941.000    0.0701
  2942.000    0.0710
  2943.000    0.0718
  2944.000    0.0727
  2945.000    0.0736
  2946.000    0.0745
  2947.000    0.0755
  2948.000    0.0764
  2949.000    0.0774
  2950.000    0.0784
  2951.000    0.0794
  2952.000    0.0804
  2953.000    0.0814
  2954.000    0.0825
  2955.000    0.0836
  2956.000    0.0847
  2957.000    0.0859
  2958.000    0.0870
  2959.000    0.0882
  2960.000    0.0894
  2961.000    0.0907
  2962.000    0.0919
  2963.000    0.0932
  2964.000    0.0946
  2965.000    0.0959
  2966.000    0.0973
  2967.000    0.0987
  2968.000    0.1002
  2969.000    0.1017
  2970.000    0.1032
  2971.000    0.1048
  2972.000    0.1064
  2973.000    0.1080
  2974.000    0.1097
  2975.000    0.1114
  2976.000    0.1132
  2977.000    0.1150
  2978.000    0.1168
  2979.000    0.1187
  2980.000    0.1207
  2981.000    0.1227
  2982.000    0.1248
  2983.000    0.1269
  2984.000    0.1290
  2985.000    0.1312
  2986.000    0.1335
  2987.000    0.1359
  2988.000    0.1383
  2989.000    0.1408
  2990.000    0.1433
  2991.000    0.1459
  2992.000    0.1486
  2993.000    0.1514
  2994.000    0.1543
  2995.000    0.1572
  2996.000    0.1602
  2997.000    0.1633
  2998.000    0.1666
  2999.000    0.1699
  3000.000    0.1733
  3001.000    0.1768
  3002.000    0.1805
  3003.000    0.1842
  3004.000    0.1881
  3005.000    0.1921
  3006.000    0.1962
  3007.000    0.2005
  3008.000    0.2050
  3009.000    0.2095
  3010.000    0.2143
  3011.000    0.2192
  3012.000    0.2243
  3013.000    0.2296
  3014.000    0.2350
  3015.000    0.2407
  3016.000    0.2466
  3017.000    0.2527
  3018.000    0.2590
  3019.000    0.2656
  3020.000    0.2725
  3021.000    0.2796
  3022.000    0.2871
  3023.000    0.2948
  3024.000    0.3029
  3025.000    0.3113
  3026.000    0.3201
  3027.000    0.3292
  3028.000    0.3388
  3029.000    0.3488
  3030.000    0.3593
  3031.000    0.3703
  3032.000    0.3818
  3033.000    0.3938
  3034.000    0.4065
  3035.000    0.4198
  3036.000    0.4338
  3037.000    0.4485
  3038.000    0.4640
  3039.000    0.4803
  3040.000    0.4976
  3041.000    0.5158
  3042.000    0.5351
  3043.000    0.5555
  3044.000    0.5771
  3045.000    0.6001
  3046.000    0.6245
  3047.000    0.6505
  3048.000    0.6782
  3049.000    0.7078
  3050.000    0.7394
  3051.000    0.7733
  3052.000    0.8097
  3053.000    0.8487
  3054.000    0.8908
  3055.000    0.9362
  3056.000    0.9852
  3057.000    1.0384
  3058.000    1.0962
  3059.000    1.1592
  3060.000    1.2279
  3061.000    1.3033
  3062.000    1.3860
  3063.000    1.4772
  3064.000    1.5782
  3065.000    1.6903
  3066.000    1.8153
  3067.000    1.9553
  3068.000    2.1128
  3069.000    2.2910
  3070.000    2.4936
  3071.000    2.7255
  3072.000    2.9925
  3073.000    3.3022
  3074.000    3.6640
  3075.000    4.0904
  3076.000    4.5971
  3077.000    5.2051
  3078.000    5.9416
  3079.000    6.8428
  3080.000    7.9558
  3081.000    9.3409
  3082.000   11.0717
  3083.000   13.2277
  3084.000   15.8695
  3085.000   18.9820
  3086.000   22.3819
  3087.000   25.6530
  3088.000   28.2584
  3089.000   29.8545
  3090.000   30.4410
  3091.000   30.1028
  3092.000   28.7927
  3093.000   26.5359
  3094.000   23.6723
  3095.000   20.7234
  3096.000   18.1045
  3097.000   16.0129
  3098.000   14.4863
  3099.000   13.4923
  3100.000   12.9869
  3101.000   12.9417
  3102.000   13.3551
  3103.000   14.2556
  3104.000   15.7000
  3105.000   17.7636
  3106.000   20.5094
  3107.000   23.9143
  3108.000   27.7352
  3109.000   31.3600
  3110.000   33.8351
  3111.000   34.2784
  3112.000   32.4640
  3113.000   28.9829
  3114.000   24.8030
  3115.000   20.7231
  3116.000   17.1583
  3117.000   14.2187
  3118.000   11.8585
  3119.000    9.9805
  3120.000    8.4845
  3121.000    7.2854
  3122.000    6.3159
  3123.000    5.5242
  3124.000    4.8713
  3125.000    4.3276
  3126.000    3.8705
  3127.000    3.4830
  3128.000    3.1517
  3129.000    2.8663
  3130.000    2.6188
  3131.000    2.4027
  3132.000    2.2129
  3133.000    2.0454
  3134.000    1.8966
  3135.000    1.7640
  3136.000    1.6452
  3137.000    1.5383
  3138.000    1.4418
  3139.000    1.3544
  3140.000    1.2750
  3141.000    1.2025
  3142.000    1.1362
  3143.000    1.0754
  3144.000    1.0195
  3145.000    0.9680
  3146.000    0.9204
  3147.000    0.8763
  3148.000    0.8354
  3149.000    0.7974
  3150.000    0.7620
  3151.000    0.7289
  3152.000    0.6980
  3153.000    0.6691
  3154.000    0.6421
  3155.000    0.6166
  3156.000    0.5927
  3157.000    0.5702
  3158.000    0.5490
  3159.000    0.5289
  3160.000    0.5100
  3161.000    0.4921
  3162.000    0.4752
  3163.000    0.4591
  3164.000    0.4438
  3165.000    0.4294
  3166.000    0.4156
  3167.000    0.4025
  3168.000    0.3900
  3169.000    0.3781
  3170.000    0.3668
  3171.000    0.3560
  3172.000    0.3456
  3173.000    0.3358
  3174.000    0.3263
  3175.000    0.3172
  3176.000    0.3086
  3177.000    0.3003
  3178.000    0.2923
  3179.000    0.2846
  3180.000    0.2773
  3181.000    0.2702
  3182.000    0.2634
  3183.000    0.2569
  3184.000    0.2506
  3185.000    0.2446
  3186.000    0.2388
  3187.000    0.2331
  3188.000    0.2277
  3189.000    0.2225
  3190.000    0.2175
  3191.000    0.2126
  3192.000    0.2079
  3193.000    0.2034
  3194.000    0.1990
  3195.000    0.1947
  3196.000    0.1906
  3197.000    0.1866
  3198.000    0.1828
  3199.000    0.1790
  3200.000    0.1754
  3201.000    0.1719
  3202.000    0.1685
  3203.000    0.1652
  3204.000    0.1621
  3205.000    0.1590
  3206.000    0.1559
  3207.000    0.1530
  3208.000    0.1502
  3209.000    0.1474
  3210.000    0.1447
  3211.000    0.1421
  3212.000    0.1396
  3213.000    0.1371
  3214.000    0.1347
  3215.000    0.1324
  3216.000    0.1301
  3217.000    0.1279
  3218.000    0.1258
  3219.000    0.1237
  3220.000    0.1216
  3221.000    0.1196
  3222.000    0.1177
  3223.000    0.1158
  3224.000    0.1140
  3225.000    0.1122
  3226.000    0.1104
  3227.000    0.1087
  3228.000    0.1070
  3229.000    0.1054
  3230.000    0.1038
  3231.000    0.1022
  3232.000    0.1007
  3233.000    0.0992
  3234.000    0.0978
  3235.000    0.0964
  3236.000    0.0950
  3237.000    0.0936
  3238.000    0.0923
  3239.000    0.0910
  3240.000    0.0897
  3241.000    0.0885
  3242.000    0.0873
  3243.000    0.0861
  3244.000    0.0849
  3245.000    0.0838
  3246.000    0.0827
  3247.000    0.0816
  3248.000    0.0805
  3249.000    0.0795
  3250.000    0.0784
  3251.000    0.0774
  3252.000    0.0764
  3253.000    0.0755
  3254.000    0.0745
  3255.000    0.0736
  3256.000    0.0727
  3257.000    0.0718
  3258.000    0.0709
  3259.000    0.0701
  3260.000    0.0692
  3261.000    0.0684
  3262.000    0.0676
  3263.000    0.0668
  3264.000    0.0660
  3265.000    0.0653
  3266.000    0.0645
  3267.000    0.0638
  3268.000    0.0630
  3269.000    0.0623
  3270.000    0.0616
  3271.000    0.0609
  3272.000    0.0603
  3273.000    0.0596
  3274.000    0.0590
  3275.000    0.0583
  3276.000    0.0577
  3277.000    0.0571
  3278.000    0.0565
  3279.000    0.0559
  3280.000    0.0553
  3281.000    0.0547
  3282.000    0.0541
  3283.000    0.0536
  3284.000    0.0530
  3285.000    0.0525
  3286.000    0.0520
  3287.000    0.0514
  3288.000    0.0509
  3289.000    0.0504
  3290.000    0.0499
  3291.000    0.0494
  3292.000    0.0489
  3293.000    0.0485
  3294.000    0.0480
  3295.000    0.0475
  3296.000    0.0471
  3297.000    0.0467
  3298.000    0.0462
  3299.000    0.0458
  3300.000    0.0454
  3301.000    0.0449
  3302.000    0.0445
  3303.000    0.0441
  3304.000    0.0437
  3305.000    0.0433
  3306.000    0.0429
  3307.000    0.0426
  3308.000    0.0422
  3309.000    0.0418
  3310.000    0.0414
  3311.000    0.0411
  3312.000    0.0407
  3313.000    0.0404
  3314.000    0.0400
  3315.000    0.0397
  3316.000    0.0394
  3317.000    0.0390
  3318.000    0.0387
  3319.000    0.0384
  3320.000    0.0381
  3321.000    0.0377
  3322.000    0.0374
  3323.000    0.0371
  3324.000    0.0368
  3325.000    0.0365
  3326.000    0.0362
  3327.000    0.0359
  3328.000    0.0357
  3329.000    0.0354
  3330.000    0.0351
  3331.000    0.0348
  3332.000    0.0346
  3333.000    0.0343
  3334.000    0.0340
  3335.000    0.0338
  3336.000    0.0335
  3337.000    0.0333
  3338.000    0.0330
  3339.000    0.0328
  3340.000    0.0325
  3341.000    0.0323
  3342.000    0.0321
  3343.000    0.0318
  3344.000    0.0316
  3345.000    0.0314
  3346.000    0.0311
  3347.000    0.0309
  3348.000    0.0307
  3349.000    0.0305
  3350.000    0.0303
  3351.000    0.0301
  3352.000    0.0298
  3353.000    0.0296
  3354.000    0.0294
  3355.000    0.0292
  3356.000    0.0290
  3357.000    0.0288
  3358.000    0.0286
  3359.000    0.0285
  3360.000    0.0283
  3361.000    0.0281
  3362.000    0.0279
  3363.000    0.0277
  3364.000    0.0275
  3365.000    0.0273
  3366.000    0.0272
  3367.000    0.0270
  3368.000    0.0268
  3369.000    0.0267
  3370.000    0.0265
  3371.000    0.0263
  3372.000    0.0262
  3373.000    0.0260
  3374.000    0.0258
  3375.000    0.0257
  3376.000    0.0255
  3377.000    0.0254
  3378.000    0.0252
  3379.000    0.0251
  3380.000    0.0249
  3381.000    0.0248
  3382.000    0.0246
  3383.000    0.0245
  3384.000    0.0243
  3385.000    0.0242
  3386.000    0.0240
  3387.000    0.0239
  3388.000    0.0238
  3389.000    0.0236
  3390.000    0.0235
  3391.000    0.0234
  3392.000    0.0232
  3393.000    0.0231
  3394.000    0.0230
  3395.000    0.0228
  3396.000    0.0227
  3397.000    0.0226
  3398.000    0.0225
  3399.000    0.0224
  3400.000    0.0222
  3401.000    0.0221
  3402.000    0.0220
  3403.000    0.0219
  3404.000    0.0218
  3405.000    0.0217
  3406.000    0.0215
  3407.000    0.0214
  3408.000    0.0213
  3409.000    0.0212
  3410.000    0.0211
  3411.000    0.0210
  3412.000    0.0209
  3413.000    0.0208
  3414.000    0.0207
  3415.000    0.0206
  3416.000    0.0205
  3417.000    0.0204
  3418.000    0.0203
  3419.000    0.0202
  3420.000    0.0201
  3421.000    0.0200
  3422.000    0.0199
  3423.000    0.0198
  3424.000    0.0197
  3425.000    0.0196
  3426.000    0.0195
  3427.000    0.0194
  3428.000    0.0194
  3429.000    0.0193
  3430.000    0.0192
  3431.000    0.0191
  3432.000    0.0190
  3433.000    0.0189
  3434.000    0.0188
  3435.000    0.0188
  3436.000    0.0187
  3437.000    0.0186
  3438.000    0.0185
  3439.000    0.0184
  3440.000    0.0184
  3441.000    0.0183
  3442.000    0.0182
  3443.000    0.0181
  3444.000    0.0181
  3445.000    0.0180
  3446.000    0.0179
  3447.000    0.0178
  3448.000    0.0178
  3449.000    0.0177
  3450.000    0.0176
  3451.000    0.0176
  3452.000    0.0175
  3453.000    0.0174
  3454.000    0.0174
  3455.000    0.0173
  3456.000    0.0172
  3457.000    0.0172
  3458.000    0.0171
  3459.000    0.0170
  3460.000    0.0170
  3461.000    0.0169
  3462.000    0.0169
  3463.000    0.0168
  3464.000    0.0167
  3465.000    0.0167
  3466.000    0.0166
  3467.000    0.0166
  3468.000    0.0165
  3469.000    0.0164
  3470.000    0.0164
  3471.000    0.0163
  3472.000    0.0163
  3473.000    0.0162
  3474.000    0.0162
  3475.000    0.0161
  3476.000    0.0161
  3477.000    0.0160
  3478.000    0.0160
  3479.000    0.0159
  3480.000    0.0159
  3481.000    0.0158
  3482.000    0.0158
  3483.000    0.0157
  3484.000    0.0157
  3485.000    0.0156
  3486.000    0.0156
  3487.000    0.0156
  3488.000    0.0155
  3489.000    0.0155
  3490.000    0.0154
  3491.000    0.0154
  3492.000    0.0153
  3493.000    0.0153
  3494.000    0.0153
  3495.000    0.0152
  3496.000    0.0152
  3497.000    0.0152
  3498.000    0.0151
  3499.000    0.0151
  3500.000    0.0150
  3501.000    0.0150
  3502.000    0.0150
  3503.000    0.0149
  3504.000    0.0149
  3505.000    0.0149
  3506.000    0.0148
  3507.000    0.0148
  3508.000    0.0148
  3509.000    0.0148
  3510.000    0.0147
  3511.000    0.0147
  3512.000    0.0147
  3513.000    0.0146
  3514.000    0.0146
  3515.000    0.0146
  3516.000    0.0146
  3517.000    0.0145
  3518.000    0.0145
  3519.000    0.0145
  3520.000    0.0145
  3521.000    0.0144
  3522.000    0.0144
  3523.000    0.0144
  3524.000    0.0144
  3525.000    0.0144
  3526.000    0.0143
  3527.000    0.0143
  3528.000    0.0143
  3529.000    0.0143
  3530.000    0.0143
  3531.000    0.0142
  3532.000    0.0142
  3533.000    0.0142
  3534.000    0.0142
  3535.000    0.0142
  3536.000    0.0142
  3537.000    0.0142
  3538.000    0.0142
  3539.000    0.0141
  3540.000    0.0141
  3541.000    0.0141
  3542.000    0.0141
  3543.000    0.0141
  3544.000    0.0141
  3545.000    0.0141
  3546.000    0.0141
  3547.000    0.0141
  3548.000    0.0141
  3549.000    0.0141
  3550.000    0.0141
  3551.000    0.0141
  3552.000    0.0141
  3553.000    0.0141
  3554.000    0.0141
  3555.000    0.0141
  3556.000    0.0141
  3557.000    0.0141
  3558.000    0.0141
  3559.000    0.0141
  3560.000    0.0141
  3561.000    0.0141
  3562.000    0.0141
  3563.000    0.0141
  3564.000    0.0141
  3565.000    0.0142
  3566.000    0.0142
  3567.000    0.0142
  3568.000    0.0142
  3569.000    0.0142
  3570.000    0.0142
  3571.000    0.0142
  3572.000    0.0143
  3573.000    0.0143
  3574.000    0.0143
  3575.000    0.0143
  3576.000    0.0143
  3577.000    0.0144
  3578.000    0.0144
  3579.000    0.0144
  3580.000    0.0144
  3581.000    0.0145
  3582.000    0.0145
  3583.000    0.0145
  3584.000    0.0146
  3585.000    0.0146
  3586.000    0.0146
  3587.000    0.0147
  3588.000    0.0147
  3589.000    0.0148
  3590.000    0.0148
  3591.000    0.0148
  3592.000    0.0149
  3593.000    0.0149
  3594.000    0.0150
  3595.000    0.0150
  3596.000    0.0151
  3597.000    0.0151
  3598.000    0.0152
  3599.000    0.0153
  3600.000    0.0153
  3601.000    0.0154
  3602.000    0.0154
  3603.000    0.0155
  3604.000    0.0156
  3605.000    0.0156
  3606.000    0.0157
  3607.000    0.0158
  3608.000    0.0159
  3609.000    0.0159
  3610.000    0.0160
  3611.000    0.0161
  3612.000    0.0162
  3613.000    0.0163
  3614.000    0.0164
  3615.000    0.0165
  3616.000    0.0166
  3617.000    0.0167
  3618.000    0.0168
  3619.000    0.0169
  3620.000    0.0170
  3621.000    0.0171
  3622.000    0.0172
  3623.000    0.0174
  3624.000    0.0175
  3625.000    0.0176
  3626.000    0.0177
  3627.000    0.0179
  3628.000    0.0180
  3629.000    0.0182
  3630.000    0.0183
  3631.000    0.0185
  3632.000    0.0186
  3633.000    0.0188
  3634.000    0.0190
  3635.000    0.0191
  3636.000    0.0193
  3637.000    0.0195
  3638.000    0.0197
  3639.000    0.0199
  3640.000    0.0201
  3641.000    0.0203
  3642.000    0.0205
  3643.000    0.0208
  3644.000    0.0210
  3645.000    0.0212
  3646.000    0.0215
  3647.000    0.0218
  3648.000    0.0220
  3649.000    0.0223
  3650.000    0.0226
  3651.000    0.0229
  3652.000    0.0232
  3653.000    0.0235
  3654.000    0.0238
  3655.000    0.0242
  3656.000    0.0245
  3657.000    0.0249
  3658.000    0.0253
  3659.000    0.0257
  3660.000    0.0261
  3661.000    0.0265
  3662.000    0.0269
  3663.000    0.0274
  3664.000    0.0278
  3665.000    0.0283
  3666.000    0.0288
  3667.000    0.0294
  3668.000    0.0299
  3669.000    0.0305
  3670.000    0.0311
  3671.000    0.0317
  3672.000    0.0324
  3673.000    0.0330
  3674.000    0.0337
  3675.000    0.0345
  3676.000    0.0352
  3677.000    0.0360
  3678.000    0.0369
  3679.000    0.0378
  3680.000    0.0387
  3681.000    0.0396
  3682.000    0.0406
  3683.000    0.0417
  3684.000    0.0428
  3685.000    0.0440
  3686.000    0.0452
  3687.000    0.0465
  3688.000    0.0478
  3689.000    0.0493
  3690.000    0.0508
  3691.000    0.0523
  3692.000    0.0540
  3693.000    0.0558
  3694.000    0.0577
  3695.000    0.0597
  3696.000    0.0618
  3697.000    0.0640
  3698.000    0.0664
  3699.000    0.0689
  3700.000    0.0716
  3701.000    0.0745
  3702.000    0.0776
  3703.000    0.0809
  3704.000    0.0844
  3705.000    0.0882
  3706.000    0.0923
  3707.000    0.0966
  3708.000    0.1014
  3709.000    0.1065
  3710.000    0.1120
  3711.000    0.1180
  3712.000    0.1246
  3713.000    0.1317
  3714.000    0.1395
  3715.000    0.1481
  3716.000    0.1574
  3717.000    0.1678
  3718.000    0.1792
  3719.000    0.1919
  3720.000    0.2060
  3721.000    0.2218
  3722.000    0.2395
  3723.000    0.2595
  3724.000    0.2820
  3725.000    0.3077
  3726.000    0.3370
  3727.000    0.3708
  3728.000    0.4098
  3729.000    0.4552
  3730.000    0.5086
  3731.000    0.5716
  3732.000    0.6466
  3733.000    0.7369
  3734.000    0.8464
  3735.000    0.9805
  3736.000    1.1465
  3737.000    1.3536
  3738.000    1.6144
  3739.000    1.9441
  3740.000    2.3605
  3741.000    2.8798
  3742.000    3.5057
  3743.000    4.2071
  3744.000    4.8881
  3745.000    5.3793
  3746.000    5.5055
  3747.000    5.2142
  3748.000    4.6221
  3749.000    3.9162
  3750.000    3.2384
  3751.000    2.6549
  3752.000    2.1790
  3753.000    1.8001
  3754.000    1.5005
  3755.000    1.2633
  3756.000    1.0742
  3757.000    0.9222
  3758.000    0.7988
  3759.000    0.6977
  3760.000    0.6140
  3761.000    0.5442
  3762.000    0.4853
  3763.000    0.4354
  3764.000    0.3927
  3765.000    0.3559
  3766.000    0.3240
  3767.000    0.2962
  3768.000    0.2719
  3769.000    0.2504
  3770.000    0.2314
  3771.000    0.2145
  3772.000    0.1994
  3773.000    0.1858
  3774.000    0.1736
  3775.000    0.1626
  3776.000    0.1527
  3777.000    0.1436
  3778.000    0.1354
  3779.000    0.1278
  3780.000    0.1209
  3781.000    0.1146
  3782.000    0.1087
  3783.000    0.1033
  3784.000    0.0983
  3785.000    0.0937
  3786.000    0.0894
  3787.000    0.0855
  3788.000    0.0818
  3789.000    0.0783
  3790.000    0.0751
  3791.000    0.0720
  3792.000    0.0692
  3793.000    0.0666
  3794.000    0.0641
  3795.000    0.0617
  3796.000    0.0595
  3797.000    0.0574
  3798.000    0.0554
  3799.000    0.0536
  3800.000    0.0518
  3801.000    0.0501
  3802.000    0.0486
  3803.000    0.0471
  3804.000    0.0456
  3805.000    0.0443
  3806.000    0.0430
  3807.000    0.0418
  3808.000    0.0406
  3809.000    0.0395
  3810.000    0.0384
  3811.000    0.0374
  3812.000    0.0364
  3813.000    0.0355
  3814.000    0.0346
  3815.000    0.0338
  3816.000    0.0329
  3817.000    0.0322
  3818.000    0.0314
  3819.000    0.0307
  3820.000    0.0300
  3821.000    0.0293
  3822.000    0.0287
  3823.000    0.0281
  3824.000    0.0275
  3825.000    0.0269
  3826.000    0.0264
  3827.000    0.0258
  3828.000    0.0253
  3829.000    0.0248
  3830.000    0.0243
  3831.000    0.0239
  3832.000    0.0234
  3833.000    0.0230
  3834.000    0.0226
  3835.000    0.0222
  3836.000    0.0218
  3837.000    0.0214
  3838.000    0.0211
  3839.000    0.0207
  3840.000    0.0204
  3841.000    0.0200
  3842.000    0.0197
  3843.000    0.0194
  3844.000    0.0191
  3845.000    0.0188
  3846.000    0.0185
  3847.000    0.0182
  3848.000    0.0180
  3849.000    0.0177
  3850.000    0.0174
