#v	DOS
-170	0.003540055
-169	0.003671168
-168	0.003671168
-167	0.003671168
-166	0.003671168
-165	0.003671168
-164	0.003802281
-163	0.003802281
-162	0.003802281
-161	0.003933395
-160	0.003933395
-159	0.003933395
-158	0.003933395
-157	0.004064508
-156	0.004064508
-155	0.004064508
-154	0.004064508
-153	0.004195621
-152	0.004195621
-151	0.004195621
-150	0.004326734
-149	0.004326734
-148	0.004326734
-147	0.004457847
-146	0.004457847
-145	0.004457847
-144	0.00458896
-143	0.00458896
-142	0.004720073
-141	0.004720073
-140	0.004720073
-139	0.004851187
-138	0.004851187
-137	0.0049823
-136	0.0049823
-135	0.005113413
-134	0.005113413
-133	0.005244526
-132	0.005244526
-131	0.005375639
-130	0.005375639
-129	0.005506752
-128	0.005506752
-127	0.005637865
-126	0.005637865
-125	0.005768979
-124	0.005900092
-123	0.005900092
-122	0.006031205
-121	0.006162318
-120	0.006293431
-119	0.006293431
-118	0.006424544
-117	0.006555658
-116	0.006686771
-115	0.006817884
-114	0.006948997
-113	0.00708011
-112	0.007211223
-111	0.007342336
-110	0.00747345
-109	0.007604563
-108	0.007735676
-107	0.007866789
-106	0.008129015
-105	0.008260128
-104	0.008522355
-103	0.008653468
-102	0.008915694
-101	0.009177921
-100	0.009309034
-99	0.00957126
-98	0.009833486
-97	0.010226826
-96	0.010489052
-95	0.010882392
-94	0.011275731
-93	0.01166907
-92	0.01206241
-91	0.012455749
-90	0.012980202
-89	0.013635768
-88	0.01416022
-87	0.014946899
-86	0.015602465
-85	0.016520257
-84	0.017438049
-83	0.018486954
-82	0.019798086
-81	0.02124033
-80	0.022813688
-79	0.024780385
-78	0.027009309
-77	0.029762685
-76	0.033040514
-75	0.036973908
-74	0.041825095
-73	0.0478563
-72	0.055067523
-71	0.063720991
-70	0.073423364
-69	0.08365019
-68	0.093483676
-67	0.102268258
-66	0.109348368
-65	0.114592894
-64	0.118264062
-63	0.120624099
-62	0.122197456
-61	0.123508588
-60	0.124688606
-59	0.125868625
-58	0.127179756
-57	0.128228661
-56	0.128884227
-55	0.128884227
-54	0.128490888
-53	0.127704209
-52	0.126655304
-51	0.125213059
-50	0.123901927
-49	0.122590796
-48	0.121541891
-47	0.120886325
-46	0.120492985
-45	0.120230759
-44	0.120230759
-43	0.120624099
-42	0.121279664
-41	0.122066343
-40	0.122984135
-39	0.123770814
-38	0.124295267
-37	0.12442638
-36	0.123901927
-35	0.122721909
-34	0.121017438
-33	0.119050741
-32	0.117084044
-31	0.115248459
-30	0.113543988
-29	0.111839518
-28	0.110135047
-27	0.108299462
-26	0.106332765
-25	0.104497181
-24	0.102530484
-23	0.1006949
-22	0.098859316
-21	0.097154845
-20	0.0957126
-19	0.094270355
-18	0.092696998
-17	0.0907303
-16	0.08863249
-15	0.08614134
-14	0.083519077
-13	0.080896814
-12	0.078405664
-11	0.076045627
-10	0.073685591
-9	0.071325554
-8	0.068834404
-7	0.066212141
-6	0.063852104
-5	0.061623181
-4	0.05991871
-3	0.058607578
-2	0.057820899
-1	0.057689786
0	0.058214239
1	0.059656484
2	0.061754294
3	0.064638783
4	0.068047725
5	0.071850007
6	0.076045627
7	0.080241248
8	0.084567982
9	0.088894716
10	0.09322145
11	0.09781041
12	0.102661597
13	0.107906123
14	0.113281762
15	0.118919628
16	0.124819719
17	0.130850924
18	0.136751016
19	0.142651108
20	0.148420087
21	0.154057952
22	0.159433591
23	0.164547004
24	0.169529304
25	0.174118264
26	0.178969451
27	0.184476203
28	0.190900747
29	0.199160876
30	0.208994362
31	0.220532319
32	0.232856956
33	0.244657139
34	0.254883965
35	0.262095188
36	0.266290809
37	0.267864167
38	0.267339714
39	0.265635243
40	0.263275207
41	0.260784057
42	0.258555133
43	0.257112888
44	0.256457323
45	0.256588436
46	0.256981775
47	0.257375115
48	0.257375115
49	0.256719549
50	0.255146191
51	0.253179494
52	0.251212797
53	0.249770552
54	0.249508326
55	0.250557231
56	0.252917268
57	0.256719549
58	0.261832962
59	0.268126393
60	0.27546873
61	0.283597745
62	0.2921201
63	0.300904681
64	0.309427036
65	0.317687164
66	0.32542284
67	0.332765176
68	0.3399764
69	0.347449849
70	0.355709978
71	0.365019011
72	0.37537695
73	0.386259342
74	0.397272846
75	0.407893012
76	0.418119837
77	0.427297758
78	0.435033434
79	0.441195752
80	0.445653599
81	0.449062541
82	0.45194703
83	0.45483152
84	0.458109348
85	0.46151829
86	0.46400944
87	0.464665006
88	0.462436082
89	0.45692933
90	0.448406975
91	0.437917923
92	0.426773305
93	0.415890914
94	0.405795201
95	0.396748394
96	0.388881605
97	0.382588174
98	0.37826144
99	0.376032516
100	0.375639177
101	0.376950308
102	0.379572571
103	0.383112626
104	0.386914908
105	0.390979415
106	0.394650583
107	0.398059525
108	0.400812902
109	0.403041825
110	0.40448407
111	0.405270749
112	0.405270749
113	0.404746296
114	0.404352957
115	0.404746296
116	0.40658188
117	0.409990822
118	0.414710896
119	0.419955422
120	0.424806608
121	0.428740003
122	0.431624492
123	0.433591189
124	0.43529566
125	0.436869018
126	0.438573489
127	0.441064639
128	0.444735807
129	0.450635899
130	0.45902714
131	0.470302871
132	0.483807526
133	0.497836633
134	0.510947948
135	0.522485905
136	0.532057165
137	0.539923954
138	0.546086272
139	0.55015078
140	0.552248591
141	0.552510817
142	0.551855251
143	0.551461912
144	0.551986364
145	0.553559722
146	0.555919759
147	0.558804248
148	0.562082077
149	0.565622132
150	0.569424413
151	0.57388226
152	0.579913465
153	0.588042481
154	0.598662646
155	0.610987282
156	0.623836371
157	0.636423233
158	0.64835453
159	0.659761374
160	0.670905992
161	0.68165727
162	0.691752983
163	0.701062017
164	0.70827324
165	0.711813295
166	0.709059919
167	0.697784188
168	0.677330536
169	0.649534548
170	0.618460732
171	0.58882916
172	0.564048774
173	0.54556182
174	0.532974957
175	0.524714829
176	0.519601416
177	0.516716927
178	0.515930248
179	0.517241379
180	0.521043661
181	0.527074866
182	0.534810541
183	0.543464009
184	0.552379704
185	0.560639832
186	0.568244395
187	0.575455618
188	0.58345352
189	0.593549233
190	0.606529435
191	0.62173856
192	0.637209912
193	0.65084568
194	0.660285827
195	0.664612561
196	0.663563655
197	0.657532451
198	0.647961191
199	0.635898781
200	0.622787466
201	0.609938377
202	0.598138193
203	0.588173594
204	0.580569031
205	0.575062279
206	0.571259997
207	0.567719942
208	0.563130982
209	0.556181985
210	0.546610725
211	0.535334994
212	0.523797037
213	0.513439098
214	0.505047856
215	0.499147765
216	0.495869936
217	0.495476596
218	0.49770552
219	0.502032254
220	0.508325685
221	0.515799135
222	0.523534811
223	0.530352694
224	0.534810541
225	0.536646126
226	0.536515012
227	0.535203881
228	0.533630523
229	0.531532713
230	0.52891045
231	0.525894847
232	0.522617018
233	0.518814737
234	0.513832437
235	0.507801232
236	0.501245575
237	0.495476596
238	0.491936541
239	0.491280975
240	0.493509899
241	0.497967746
242	0.503474498
243	0.509112364
244	0.513963551
245	0.517896945
246	0.520781434
247	0.522617018
248	0.52392815
249	0.525108168
250	0.526943752
251	0.529697129
252	0.532974957
253	0.535203881
254	0.535072768
255	0.531270486
256	0.52392815
257	0.513832437
258	0.50268782
259	0.492067654
260	0.482889734
261	0.475940737
262	0.470827324
263	0.467025043
264	0.463484988
265	0.459551593
266	0.45443818
267	0.448144749
268	0.441064639
269	0.433460076
270	0.4257244
271	0.418250951
272	0.411433067
273	0.405926314
274	0.402648486
275	0.402386259
276	0.405401862
277	0.412481972
278	0.423757703
279	0.439097942
280	0.457716009
281	0.477645208
282	0.496918841
283	0.513045758
284	0.524452603
285	0.53100826
286	0.534023863
287	0.535859447
288	0.539399502
289	0.546086272
290	0.555657532
291	0.566277698
292	0.574931166
293	0.579782352
294	0.580569031
295	0.578995673
296	0.576635637
297	0.574931166
298	0.574013374
299	0.573620034
300	0.572571129
301	0.56968664
302	0.563917661
303	0.55473974
304	0.541890652
305	0.526157074
306	0.509505703
307	0.493903238
308	0.481316376
309	0.4735807
310	0.47148289
311	0.475547397
312	0.485380884
313	0.500065557
314	0.517503606
315	0.53559722
316	0.552379704
317	0.566146585
318	0.575848958
319	0.580437918
320	0.579782352
321	0.574013374
322	0.563786548
323	0.549757441
324	0.532843844
325	0.513832437
326	0.493509899
327	0.472662908
328	0.451422578
329	0.4307067
330	0.410646388
331	0.391766094
332	0.374721385
333	0.359643372
334	0.346794283
335	0.336436345
336	0.328962895
337	0.324505048
338	0.32332503
339	0.325291727
340	0.329487348
341	0.3349941
342	0.340238626
343	0.34417202
344	0.346269831
345	0.347318736
346	0.348105415
347	0.349416546
348	0.351514357
349	0.35374328
350	0.355447751
351	0.355841091
352	0.354661073
353	0.352694375
354	0.351514357
355	0.352956602
356	0.358201128
357	0.366723482
358	0.376950308
359	0.385472663
360	0.38993051
361	0.388881605
362	0.382981513
363	0.373541366
364	0.362134522
365	0.349809886
366	0.336829684
367	0.323587256
368	0.309689262
369	0.295660155
370	0.281893274
371	0.269175298
372	0.25842402
373	0.250163891
374	0.245050479
375	0.242952668
376	0.244001573
377	0.247541628
378	0.253179494
379	0.260259604
380	0.268519733
381	0.277304314
382	0.286220008
383	0.294873476
384	0.303002491
385	0.309951488
386	0.315720467
387	0.319916088
388	0.322800577
389	0.324636161
390	0.326340632
391	0.328569556
392	0.331716271
393	0.335649666
394	0.33958306
395	0.342467549
396	0.342992002
397	0.340631965
398	0.335125213
399	0.326602858
400	0.315720467
401	0.303395831
402	0.290677855
403	0.278877671
404	0.268388619
405	0.259472925
406	0.251606136
407	0.244394913
408	0.237708142
409	0.231545824
410	0.226301298
411	0.22223679
412	0.220007867
413	0.219614527
414	0.220794546
415	0.223547922
416	0.226694637
417	0.229841353
418	0.232332503
419	0.233905861
420	0.234954766
421	0.236003671
422	0.237839255
423	0.240854858
424	0.245443818
425	0.251212797
426	0.25842402
427	0.266684148
428	0.275993182
429	0.286482234
430	0.298282418
431	0.311131506
432	0.324505048
433	0.337878589
434	0.349940999
435	0.35911892
436	0.363970106
437	0.363838993
438	0.359774485
439	0.354267733
440	0.34954766
441	0.34666317
442	0.345614265
443	0.344696473
444	0.342729776
445	0.339451947
446	0.335256326
447	0.331454045
448	0.328962895
449	0.329094008
450	0.332371837
451	0.339320834
452	0.349940999
453	0.363970106
454	0.381014816
455	0.399895109
456	0.419037629
457	0.437000131
458	0.452864822
459	0.466893929
460	0.480267471
461	0.494558804
462	0.510947948
463	0.530352694
464	0.552379704
465	0.575324505
466	0.596302609
467	0.611511735
468	0.618198505
469	0.615182903
470	0.60259604
471	0.580962371
472	0.551855251
473	0.518028058
474	0.482496394
475	0.448406975
476	0.417857611
477	0.391634981
478	0.370001311
479	0.352169923
480	0.337616363
481	0.32542284
482	0.314933788
483	0.305755867
484	0.297626852
485	0.290546742
486	0.28464665
487	0.280188803
488	0.277304314
489	0.275862069
490	0.275730956
491	0.276517635
492	0.277959879
493	0.27966435
494	0.280975482
495	0.281762161
496	0.281631048
497	0.280582142
498	0.278877671
499	0.276910974
500	0.275337616
501	0.274813164
502	0.276124295
503	0.279795463
504	0.285826668
505	0.293037892
506	0.299724662
507	0.30418251
508	0.305493641
509	0.304051396
510	0.301166907
511	0.298675757
512	0.298151305
513	0.300904681
514	0.307329225
515	0.317162711
516	0.329618461
517	0.343123115
518	0.35623443
519	0.368559066
520	0.379572571
521	0.389668284
522	0.398715091
523	0.40658188
524	0.413268651
525	0.41864429
526	0.421922119
527	0.422184345
528	0.417988724
529	0.40907303
530	0.395830602
531	0.379703684
532	0.362134522
533	0.344827586
534	0.329225121
535	0.317031598
536	0.309427036
537	0.306935886
538	0.308509243
539	0.312311525
540	0.316244919
541	0.318736069
542	0.318998296
543	0.317031598
544	0.313491543
545	0.309295922
546	0.305231415
547	0.301953586
548	0.298937983
549	0.296184607
550	0.293300118
551	0.290415629
552	0.287400026
553	0.284253311
554	0.279795463
555	0.27258424
556	0.261439622
557	0.246492723
558	0.228267995
559	0.208207683
560	0.187622919
561	0.167562607
562	0.149075652
563	0.132948735
564	0.11944408
565	0.108561689
566	0.100039334
567	0.093352563
568	0.088501377
569	0.084961322
570	0.082601285
571	0.081290153
572	0.08115904
573	0.081945719
574	0.083781303
575	0.086796906
576	0.09112364
577	0.097023731
578	0.104890521
579	0.114986233
580	0.127966435
581	0.144486692
582	0.16520257
583	0.190376295
584	0.219876754
585	0.252655041
586	0.287006687
587	0.320571653
588	0.350989904
589	0.375114724
590	0.390192736
591	0.394388357
592	0.387177134
593	0.370132424
594	0.346138718
595	0.318736069
596	0.290677855
597	0.263275207
598	0.237052576
599	0.212009965
600	0.187885145
601	0.16520257
602	0.144355579
603	0.125999738
604	0.110135047
605	0.096892618
606	0.086010227
607	0.077094533
608	0.069621083
609	0.063589878
610	0.058607578
611	0.054280844
612	0.050740789
613	0.047725187
614	0.045102924
615	0.042874
616	0.040907303
617	0.039333945
618	0.037891701
619	0.036580569
620	0.035531664
621	0.034613872
622	0.033827193
623	0.033171627
624	0.032647175
625	0.032122722
626	0.031860496
627	0.031598269
628	0.031336043
629	0.031336043
630	0.03120493
631	0.031336043
632	0.031467156
633	0.031729382
634	0.031991609
635	0.032384948
636	0.032909401
637	0.033564967
638	0.034220532
639	0.035138324
640	0.036056116
641	0.037236135
642	0.038547266
643	0.039989511
644	0.041825095
645	0.043791792
646	0.046020716
647	0.048774092
648	0.051789695
649	0.055460863
650	0.059656484
651	0.064769896
652	0.070801101
653	0.078012325
654	0.086928019
655	0.09781041
656	0.111183952
657	0.127966435
658	0.148682313
659	0.174249377
660	0.204536515
661	0.238757047
662	0.273895372
663	0.305100302
664	0.328569556
665	0.341811984
666	0.344827586
667	0.339189721
668	0.327651763
669	0.313622656
670	0.300249115
671	0.289497837
672	0.282024387
673	0.27756654
674	0.275337616
675	0.274157598
676	0.272846467
677	0.270879769
678	0.26799528
679	0.264979677
680	0.262488528
681	0.261046283
682	0.260784057
683	0.261308509
684	0.261964075
685	0.261570736
686	0.259472925
687	0.255015078
688	0.24885276
689	0.242165989
690	0.236265897
691	0.231939163
692	0.22971024
693	0.2293169
694	0.229972466
695	0.231283598
696	0.232594729
697	0.233905861
698	0.235348105
699	0.237052576
700	0.239019274
701	0.241117084
702	0.243083781
703	0.244919365
704	0.246623836
705	0.248328307
706	0.249901665
707	0.251212797
708	0.251606136
709	0.25095057
710	0.24845942
711	0.244132687
712	0.238363708
713	0.232725842
714	0.228792448
715	0.22761243
716	0.229579127
717	0.2342992
718	0.241117084
719	0.24885276
720	0.255801757
721	0.260784057
722	0.263144093
723	0.263144093
724	0.262488528
725	0.262619641
726	0.264848564
727	0.269437525
728	0.276255408
729	0.284908876
730	0.29461125
731	0.305231415
732	0.316638259
733	0.328700669
734	0.340894192
735	0.352301036
736	0.361478956
737	0.367641274
738	0.370525764
739	0.371836895
740	0.374721385
741	0.382063721
742	0.394650583
743	0.411957519
744	0.431886718
745	0.452602596
746	0.470827324
747	0.482496394
748	0.482496394
749	0.466762816
750	0.43529566
751	0.39202832
752	0.343254228
753	0.294873476
754	0.251081683
755	0.213976662
756	0.183558411
757	0.159040252
758	0.139373279
759	0.123639701
760	0.111052839
761	0.1006949
762	0.092434771
763	0.085616887
764	0.079979022
765	0.075390062
766	0.071718893
767	0.068703291
768	0.066343254
769	0.06450767
770	0.063196539
771	0.06240986
772	0.062147633
773	0.062278747
774	0.062934312
775	0.063983218
776	0.065687688
777	0.067916612
778	0.070932215
779	0.074603383
780	0.079454569
781	0.085354661
782	0.092696998
783	0.101874918
784	0.113412875
785	0.127835322
786	0.14606005
787	0.168873738
788	0.197587518
789	0.232856956
790	0.274682051
791	0.321620559
792	0.369739085
793	0.41366199
794	0.447226957
795	0.465582798
796	0.465320572
797	0.44486692
798	0.406844106
799	0.357807788
800	0.306149207
801	0.258555133
802	0.21804117
803	0.185000656
804	0.158778025
805	0.137931034
806	0.121541891
807	0.108430576
808	0.098072637
809	0.089812508
810	0.083125738
811	0.077881211
812	0.073685591
813	0.070407762
814	0.067916612
815	0.066212141
816	0.065032123
817	0.064376557
818	0.064376557
819	0.06490101
820	0.066081028
821	0.067785499
822	0.070276649
823	0.073423364
824	0.077487872
825	0.082601285
826	0.089156942
827	0.097154845
828	0.107250557
829	0.11983742
830	0.135702111
831	0.15563131
832	0.180805035
833	0.211747738
834	0.248721647
835	0.290415629
836	0.333289629
837	0.371443556
838	0.399370657
839	0.41366199
840	0.414579782
841	0.404221843
842	0.385472663
843	0.361347843
844	0.334862987
845	0.307984791
846	0.281368821
847	0.255539531
848	0.230496919
849	0.206765439
850	0.185000656
851	0.165858136
852	0.149862331
853	0.137013242
854	0.127179756
855	0.120099646
856	0.115248459
857	0.11236397
858	0.111446178
859	0.112101744
860	0.114461781
861	0.118526288
862	0.12442638
863	0.132293169
864	0.142651108
865	0.155893536
866	0.172676019
867	0.194047463
868	0.221056772
869	0.255146191
870	0.298413531
871	0.352301036
872	0.417595385
873	0.491936541
874	0.567326603
875	0.629080897
876	0.662121411
877	0.662776977
878	0.642847778
879	0.621082995
880	0.611773961
881	0.620165203
882	0.642192212
883	0.665137013
884	0.670643766
885	0.644814475
886	0.589091386
887	0.517503606
888	0.445391373
889	0.381801495
890	0.3300118
891	0.289891176
892	0.259866265
893	0.238494821
894	0.224596827
895	0.217123377
896	0.215943359
897	0.220925659
898	0.232725842
899	0.251999476
900	0.280188803
901	0.318080503
902	0.36580569
903	0.4207421
904	0.475154058
905	0.516585814
906	0.531663826
907	0.514619116
908	0.470565098
909	0.41156418
910	0.349940999
911	0.293562344
912	0.245574931
913	0.206503212
914	0.175036056
915	0.149993444
916	0.129933132
917	0.113675102
918	0.10030156
919	0.089419169
920	0.080241248
921	0.072636685
922	0.066081028
923	0.060574276
924	0.055723089
925	0.051527468
926	0.0478563
927	0.044709584
928	0.041825095
929	0.039202832
930	0.036973908
931	0.034876098
932	0.033040514
933	0.031336043
934	0.029893798
935	0.028451554
936	0.027140422
937	0.025960404
938	0.024911499
939	0.023862593
940	0.022944801
941	0.022158122
942	0.021371444
943	0.020584765
944	0.019929199
945	0.019273633
946	0.018618067
947	0.018093615
948	0.017569162
949	0.01704471
950	0.016520257
951	0.016126918
952	0.015733578
953	0.015209125
954	0.014946899
955	0.01455356
956	0.01416022
957	0.013897994
958	0.013504655
959	0.013242428
960	0.012980202
961	0.012717976
962	0.012455749
963	0.012193523
964	0.011931297
965	0.011800184
966	0.011537957
967	0.011406844
968	0.011144618
969	0.011013505
970	0.010751278
971	0.010620165
972	0.010489052
973	0.010357939
974	0.010226826
975	0.009964599
976	0.009833486
977	0.009702373
978	0.00957126
979	0.00957126
980	0.009440147
981	0.009309034
982	0.009177921
983	0.009046807
984	0.008915694
985	0.008915694
986	0.008784581
987	0.008653468
988	0.008653468
989	0.008522355
990	0.008522355
991	0.008391242
992	0.008391242
993	0.008260128
994	0.008260128
995	0.008129015
996	0.008129015
997	0.007997902
998	0.007997902
999	0.007997902
1000	0.007866789
1001	0.007866789
1002	0.007866789
1003	0.007735676
1004	0.007735676
1005	0.007735676
1006	0.007735676
1007	0.007604563
1008	0.007604563
1009	0.007604563
1010	0.007604563
1011	0.007604563
1012	0.007604563
1013	0.007604563
1014	0.007604563
1015	0.007604563
1016	0.007604563
1017	0.00747345
1018	0.00747345
1019	0.007604563
1020	0.007604563
1021	0.007604563
1022	0.007604563
1023	0.007604563
1024	0.007604563
1025	0.007604563
1026	0.007604563
1027	0.007604563
1028	0.007735676
1029	0.007735676
1030	0.007735676
1031	0.007735676
1032	0.007866789
1033	0.007866789
1034	0.007866789
1035	0.007997902
1036	0.007997902
1037	0.008129015
1038	0.008129015
1039	0.008260128
1040	0.008260128
1041	0.008391242
1042	0.008391242
1043	0.008522355
1044	0.008653468
1045	0.008784581
1046	0.008784581
1047	0.008915694
1048	0.009046807
1049	0.009177921
1050	0.009309034
1051	0.009440147
1052	0.00957126
1053	0.009833486
1054	0.009964599
1055	0.010095713
1056	0.010357939
1057	0.010489052
1058	0.010751278
1059	0.010882392
1060	0.011144618
1061	0.011406844
1062	0.01166907
1063	0.011931297
1064	0.012324636
1065	0.012586862
1066	0.012980202
1067	0.013373541
1068	0.013766881
1069	0.01416022
1070	0.014684673
1071	0.015209125
1072	0.015733578
1073	0.016258031
1074	0.016913596
1075	0.017569162
1076	0.018355841
1077	0.01914252
1078	0.020060312
1079	0.020978104
1080	0.022158122
1081	0.023338141
1082	0.024649272
1083	0.026091517
1084	0.027664875
1085	0.029500459
1086	0.031467156
1087	0.033827193
1088	0.036449456
1089	0.039333945
1090	0.042742887
1091	0.046676282
1092	0.051265242
1093	0.056640881
1094	0.062934312
1095	0.070407762
1096	0.079454569
1097	0.090468074
1098	0.103972728
1099	0.120624099
1100	0.141339976
1101	0.167562607
1102	0.200472007
1103	0.242034876
1104	0.293300118
1105	0.35374328
1106	0.41864429
1107	0.476858529
1108	0.511472401
1109	0.50937459
1110	0.471745116
1111	0.413137538
1112	0.349678773
1113	0.291857873
1114	0.243608234
1115	0.205060968
1116	0.174904943
1117	0.151435689
1118	0.133342074
1119	0.11944408
1120	0.108955028
1121	0.101088239
1122	0.095450374
1123	0.091648092
1124	0.089681395
1125	0.089156942
1126	0.090205848
1127	0.092959224
1128	0.097417071
1129	0.103841615
1130	0.11275731
1131	0.124557493
1132	0.139897732
1133	0.159958044
1134	0.185787334
1135	0.218958962
1136	0.261046283
1137	0.312704864
1138	0.372492461
1139	0.433853415
1140	0.484331978
1141	0.508587911
1142	0.497443294
1143	0.455224859
1144	0.395699489
1145	0.333158516
1146	0.276386522
1147	0.228530222
1148	0.189982955
1149	0.159302478
1150	0.134915432
1151	0.115510686
1152	0.099908221
1153	0.087321358
1154	0.077094533
1155	0.068572178
1156	0.061492068
1157	0.055460863
1158	0.05034745
1159	0.046020716
1160	0.042349548
1161	0.039071719
1162	0.036318343
1163	0.033827193
1164	0.031598269
1165	0.029762685
1166	0.028058214
1167	0.026484856
1168	0.025042612
1169	0.023862593
1170	0.022813688
1171	0.021764783
1172	0.020846991
1173	0.020060312
1174	0.019273633
1175	0.018618067
1176	0.017962502
1177	0.017306936
1178	0.016782483
1179	0.016389144
1180	0.015864691
1181	0.015471352
1182	0.015078012
1183	0.014815786
1184	0.014422447
1185	0.01416022
1186	0.013897994
1187	0.013635768
1188	0.013373541
1189	0.013242428
1190	0.013111315
1191	0.012849089
1192	0.012717976
1193	0.012586862
1194	0.012455749
1195	0.012324636
1196	0.012324636
1197	0.012193523
1198	0.01206241
1199	0.01206241
1200	0.01206241
1201	0.011931297
1202	0.011931297
1203	0.011931297
1204	0.011931297
1205	0.011931297
1206	0.011931297
1207	0.01206241
1208	0.01206241
1209	0.01206241
1210	0.012193523
1211	0.012324636
1212	0.012324636
1213	0.012455749
1214	0.012586862
1215	0.012717976
1216	0.012849089
1217	0.012980202
1218	0.013242428
1219	0.013373541
1220	0.013635768
1221	0.013766881
1222	0.014029107
1223	0.014291333
1224	0.01455356
1225	0.014946899
1226	0.015209125
1227	0.015602465
1228	0.015995804
1229	0.016389144
1230	0.016782483
1231	0.017306936
1232	0.017831388
1233	0.018355841
1234	0.019011407
1235	0.019666973
1236	0.020322538
1237	0.021109217
1238	0.021895896
1239	0.022813688
1240	0.023862593
1241	0.025042612
1242	0.02622263
1243	0.027533762
1244	0.028976006
1245	0.030680477
1246	0.032516061
1247	0.034613872
1248	0.036842795
1249	0.039465058
1250	0.042480661
1251	0.045889603
1252	0.049822997
1253	0.054280844
1254	0.05952537
1255	0.065818802
1256	0.073161138
1257	0.081945719
1258	0.092565884
1259	0.105677199
1260	0.121673004
1261	0.14147109
1262	0.166120362
1263	0.196669726
1264	0.234036974
1265	0.277959879
1266	0.327127311
1267	0.377999213
1268	0.425068834
1269	0.46151829
1270	0.48066081
1271	0.47816966
1272	0.454569293
1273	0.414973122
1274	0.367379048
1275	0.320047201
1276	0.278222106
1277	0.244394913
1278	0.219090075
1279	0.201389799
1280	0.190638521
1281	0.186180674
1282	0.187622919
1283	0.195227481
1284	0.209256588
1285	0.230759145
1286	0.260784057
1287	0.300642454
1288	0.350072112
1289	0.406450767
1290	0.462173856
1291	0.505047856
1292	0.521699226
1293	0.505965648
1294	0.462436082
1295	0.403304051
1296	0.341811984
1297	0.285826668
1298	0.23888816
1299	0.200865347
1300	0.170578209
1301	0.146584502
1302	0.127573096
1303	0.112232857
1304	0.099908221
1305	0.089943621
1306	0.081683493
1307	0.074996722
1308	0.069358857
1309	0.064769896
1310	0.060836502
1311	0.057689786
1312	0.055067523
1313	0.0528386
1314	0.051134129
1315	0.049691884
1316	0.048642979
1317	0.047987413
1318	0.047462961
1319	0.047331847
1320	0.047462961
1321	0.0478563
1322	0.048511866
1323	0.049560771
1324	0.050871902
1325	0.05244526
1326	0.054543071
1327	0.056903107
1328	0.059787597
1329	0.063327652
1330	0.067523273
1331	0.072505572
1332	0.078405664
1333	0.085485774
1334	0.094008129
1335	0.104366068
1336	0.117084044
1337	0.132555395
1338	0.151829028
1339	0.175822735
1340	0.205454307
1341	0.24177265
1342	0.285171103
1343	0.33460076
1344	0.386914908
1345	0.437393471
1346	0.48105415
1347	0.513701324
1348	0.534023863
1349	0.543201783
1350	0.543595123
1351	0.537695031
1352	0.526812639
1353	0.511472401
1354	0.493378786
1355	0.475285171
1356	0.459289367
1357	0.446833617
1358	0.437393471
1359	0.429657795
1360	0.421004327
1361	0.409204143
1362	0.392683886
1363	0.371181329
1364	0.345352039
1365	0.315982693
1366	0.283991084
1367	0.250557231
1368	0.21764783
1369	0.187229579
1370	0.160482496
1371	0.138062148
1372	0.119575193
1373	0.104366068
1374	0.092041432
1375	0.081814606
1376	0.073292251
1377	0.066212141
1378	0.060180936
1379	0.055067523
1380	0.050740789
1381	0.046938508
1382	0.043660679
1383	0.040645077
1384	0.038153927
1385	0.03579389
1386	0.033827193
1387	0.031991609
1388	0.030287138
1389	0.028844893
1390	0.027533762
1391	0.026353743
1392	0.025173725
1393	0.024255933
1394	0.023338141
1395	0.022420349
1396	0.02163367
1397	0.020978104
1398	0.020322538
1399	0.019666973
1400	0.01914252
1401	0.018618067
1402	0.018224728
1403	0.017700275
1404	0.017306936
1405	0.01704471
1406	0.01665137
1407	0.016389144
1408	0.015995804
1409	0.015733578
1410	0.015471352
1411	0.015340239
1412	0.015078012
1413	0.014946899
1414	0.014815786
1415	0.014684673
1416	0.01455356
1417	0.014422447
1418	0.014291333
1419	0.014291333
1420	0.01416022
1421	0.01416022
1422	0.01416022
1423	0.014029107
1424	0.014029107
1425	0.01416022
1426	0.01416022
1427	0.01416022
1428	0.014291333
1429	0.014291333
1430	0.014422447
1431	0.01455356
1432	0.014684673
1433	0.014815786
1434	0.015078012
1435	0.015209125
1436	0.015471352
1437	0.015602465
1438	0.015995804
1439	0.016258031
1440	0.016520257
1441	0.016913596
1442	0.017306936
1443	0.017700275
1444	0.018224728
1445	0.018618067
1446	0.019273633
1447	0.019798086
1448	0.020453652
1449	0.02124033
1450	0.022027009
1451	0.022944801
1452	0.023862593
1453	0.024911499
1454	0.02622263
1455	0.027533762
1456	0.028976006
1457	0.030549364
1458	0.032516061
1459	0.034613872
1460	0.036973908
1461	0.039596171
1462	0.042611774
1463	0.046151829
1464	0.05034745
1465	0.055067523
1466	0.060705389
1467	0.067261046
1468	0.075258948
1469	0.084830208
1470	0.096499279
1471	0.110790612
1472	0.128490888
1473	0.15064901
1474	0.178576111
1475	0.213714436
1476	0.257506228
1477	0.310213714
1478	0.369739085
1479	0.429526682
1480	0.477120755
1481	0.49980333
1482	0.491149862
1483	0.455618199
1484	0.403828504
1485	0.347449849
1486	0.29421791
1487	0.248590534
1488	0.211354399
1489	0.182116166
1490	0.159433591
1491	0.142257768
1492	0.12940868
1493	0.119968533
1494	0.113675102
1495	0.109741707
1496	0.108299462
1497	0.108955028
1498	0.111839518
1499	0.117215157
1500	0.125213059
1501	0.136619903
1502	0.151829028
1503	0.172151567
1504	0.19850531
1505	0.232725842
1506	0.275730956
1507	0.32791399
1508	0.386783794
1509	0.44486692
1510	0.489838731
1511	0.508194572
1512	0.493509899
1513	0.450373672
1514	0.391634981
1515	0.33040514
1516	0.274813164
1517	0.228267995
1518	0.190638521
1519	0.16061361
1520	0.136751016
1521	0.117870722
1522	0.102661597
1523	0.090336961
1524	0.080241248
1525	0.07198112
1526	0.065032123
1527	0.059263144
1528	0.054280844
1529	0.050085224
1530	0.046545168
1531	0.043398453
1532	0.04077619
1533	0.038416153
1534	0.036318343
1535	0.034613872
1536	0.033040514
1537	0.031598269
1538	0.030418251
1539	0.029369346
1540	0.028451554
1541	0.027533762
1542	0.026878196
1543	0.02622263
1544	0.025698178
1545	0.025304838
1546	0.024911499
1547	0.024518159
1548	0.024255933
1549	0.023993707
1550	0.023862593
1551	0.023862593
1552	0.02373148
1553	0.02373148
1554	0.023862593
1555	0.023993707
1556	0.02412482
1557	0.024255933
1558	0.024518159
1559	0.024911499
1560	0.025173725
1561	0.025698178
1562	0.026091517
1563	0.02661597
1564	0.027271535
1565	0.027927101
1566	0.02871378
1567	0.029500459
1568	0.030418251
1569	0.031467156
1570	0.032516061
1571	0.033827193
1572	0.035138324
1573	0.036580569
1574	0.03828504
1575	0.040120624
1576	0.042087321
1577	0.044316245
1578	0.046807395
1579	0.049560771
1580	0.052707487
1581	0.056247542
1582	0.060180936
1583	0.064638783
1584	0.069752196
1585	0.075521175
1586	0.082207945
1587	0.089943621
1588	0.098859316
1589	0.109479481
1590	0.12193523
1591	0.136751016
1592	0.154713518
1593	0.176478301
1594	0.20309427
1595	0.236003671
1596	0.2771732
1597	0.328831782
1598	0.393339452
1599	0.473187361
1600	0.568768848
1601	0.676150518
1602	0.78444998
1603	0.876753638
1604	0.936016782
1605	0.951488134
1606	0.921725449
1607	0.853677724
1608	0.761242953
1609	0.661072506
1610	0.566933263
1611	0.487085355
1612	0.424151042
1613	0.377605874
1614	0.345614265
1615	0.326602858
1616	0.319129409
1617	0.322013898
1618	0.333158516
1619	0.349809886
1620	0.367641274
1621	0.382325947
1622	0.390979415
1623	0.393470565
1624	0.391241642
1625	0.385997116
1626	0.379179232
1627	0.371443556
1628	0.363052314
1629	0.353612167
1630	0.341811984
1631	0.326078406
1632	0.305624754
1633	0.281106595
1634	0.254359512
1635	0.227743543
1636	0.202700931
1637	0.180673922
1638	0.162186967
1639	0.147240068
1640	0.135833224
1641	0.127704209
1642	0.12232857
1643	0.11944408
1644	0.119181854
1645	0.121279664
1646	0.125868625
1647	0.133604301
1648	0.144617805
1649	0.159826931
1650	0.179887243
1651	0.20597876
1652	0.238232595
1653	0.276517635
1654	0.31834273
1655	0.359512259
1656	0.39491281
1657	0.421004327
1658	0.435820113
1659	0.438442376
1660	0.427559984
1661	0.402779599
1662	0.365543464
1663	0.320571653
1664	0.274026485
1665	0.230759145
1666	0.193654124
1667	0.163104759
1668	0.138455487
1669	0.118657401
1670	0.102661597
1671	0.089681395
1672	0.079192343
1673	0.070407762
1674	0.063196539
1675	0.057034221
1676	0.051789695
1677	0.047331847
1678	0.043529566
1679	0.040251737
1680	0.037236135
1681	0.034613872
1682	0.032384948
1683	0.030287138
1684	0.028451554
1685	0.026878196
1686	0.025435951
1687	0.023993707
1688	0.022813688
1689	0.02163367
1690	0.020584765
1691	0.019666973
1692	0.018880294
1693	0.017962502
1694	0.017306936
1695	0.016520257
1696	0.015995804
1697	0.015340239
1698	0.014815786
1699	0.014291333
1700	0.013766881
1701	0.013242428
1702	0.012849089
1703	0.012455749
1704	0.01206241
1705	0.01166907
1706	0.011275731
1707	0.011013505
1708	0.010620165
1709	0.010357939
1710	0.010095713
1711	0.009833486
1712	0.00957126
1713	0.009309034
1714	0.009046807
1715	0.008915694
1716	0.008653468
1717	0.008391242
1718	0.008260128
1719	0.007997902
1720	0.007866789
1721	0.007735676
1722	0.00747345
1723	0.007342336
1724	0.007211223
1725	0.00708011
1726	0.006948997
1727	0.006817884
1728	0.006686771
1729	0.006555658
1730	0.006424544
1731	0.006293431
1732	0.006162318
1733	0.006031205
1734	0.005900092
1735	0.005768979
1736	0.005768979
1737	0.005637865
1738	0.005506752
1739	0.005375639
1740	0.005375639
1741	0.005244526
1742	0.005113413
1743	0.005113413
1744	0.0049823
1745	0.0049823
1746	0.004851187
1747	0.004720073
1748	0.004720073
1749	0.00458896
1750	0.00458896
1751	0.004457847
1752	0.004457847
1753	0.004326734
1754	0.004326734
1755	0.004195621
1756	0.004195621
1757	0.004195621
1758	0.004064508
1759	0.004064508
1760	0.003933395
1761	0.003933395
1762	0.003802281
1763	0.003802281
1764	0.003802281
1765	0.003671168
1766	0.003671168
1767	0.003671168
1768	0.003540055
1769	0.003540055
1770	0.003540055
1771	0.003408942
1772	0.003408942
1773	0.003408942
1774	0.003277829
1775	0.003277829
1776	0.003277829
1777	0.003277829
1778	0.003146716
1779	0.003146716
1780	0.003146716
1781	0.003146716
1782	0.003015602
1783	0.003015602
1784	0.003015602
1785	0.003015602
1786	0.002884489
1787	0.002884489
1788	0.002884489
1789	0.002884489
1790	0.002753376
1791	0.002753376
1792	0.002753376
1793	0.002753376
1794	0.002753376
1795	0.002622263
1796	0.002622263
1797	0.002622263
1798	0.002622263
1799	0.002622263
1800	0.00249115
1801	0.00249115
1802	0.00249115
1803	0.00249115
1804	0.00249115
1805	0.00249115
1806	0.002360037
1807	0.002360037
1808	0.002360037
1809	0.002360037
1810	0.002360037
1811	0.002360037
1812	0.002228924
1813	0.002228924
1814	0.002228924
1815	0.002228924
1816	0.002228924
1817	0.002228924
1818	0.002228924
1819	0.002228924
1820	0.00209781
1821	0.00209781
1822	0.00209781
1823	0.00209781
1824	0.00209781
1825	0.00209781
1826	0.00209781
1827	0.001966697
1828	0.001966697
1829	0.001966697
1830	0.001966697
1831	0.001966697
1832	0.001966697
1833	0.001966697
1834	0.001966697
1835	0.001966697
1836	0.001835584
1837	0.001835584
1838	0.001835584
1839	0.001835584
1840	0.001835584
1841	0.001835584
1842	0.001835584
1843	0.001835584
1844	0.001835584
1845	0.001835584
1846	0.001704471
1847	0.001704471
1848	0.001704471
1849	0.001704471
1850	0.001704471
1851	0.001704471
1852	0.001704471
1853	0.001704471
1854	0.001704471
1855	0.001704471
1856	0.001704471
1857	0.001704471
1858	0.001573358
1859	0.001573358
1860	0.001573358
1861	0.001573358
1862	0.001573358
1863	0.001573358
1864	0.001573358
1865	0.001573358
1866	0.001573358
1867	0.001573358
1868	0.001573358
1869	0.001573358
1870	0.001573358
1871	0.001573358
1872	0.001442245
1873	0.001442245
1874	0.001442245
1875	0.001442245
1876	0.001442245
1877	0.001442245
1878	0.001442245
1879	0.001442245
1880	0.001442245
1881	0.001442245
1882	0.001442245
1883	0.001442245
1884	0.001442245
1885	0.001442245
1886	0.001442245
1887	0.001311132
1888	0.001311132
1889	0.001311132
1890	0.001311132
1891	0.001311132
1892	0.001311132
1893	0.001311132
1894	0.001311132
1895	0.001311132
1896	0.001311132
1897	0.001311132
1898	0.001311132
1899	0.001311132
1900	0.001311132
1901	0.001311132
1902	0.001311132
1903	0.001311132
1904	0.001311132
1905	0.001311132
1906	0.001180018
1907	0.001180018
1908	0.001180018
1909	0.001180018
1910	0.001180018
1911	0.001180018
1912	0.001180018
1913	0.001180018
1914	0.001180018
1915	0.001180018
1916	0.001180018
1917	0.001180018
1918	0.001180018
1919	0.001180018
1920	0.001180018
1921	0.001180018
1922	0.001180018
1923	0.001180018
1924	0.001180018
1925	0.001180018
1926	0.001180018
1927	0.001180018
1928	0.001180018
1929	0.001048905
1930	0.001048905
1931	0.001048905
1932	0.001048905
1933	0.001048905
1934	0.001048905
1935	0.001048905
1936	0.001048905
1937	0.001048905
1938	0.001048905
1939	0.001048905
1940	0.001048905
1941	0.001048905
1942	0.001048905
1943	0.001048905
1944	0.001048905
1945	0.001048905
1946	0.001048905
1947	0.001048905
1948	0.001048905
1949	0.001048905
1950	0.001048905
1951	0.001048905
1952	0.001048905
1953	0.001048905
1954	0.001048905
1955	0.001048905
1956	0.001048905
1957	0.001048905
1958	0.000917792
1959	0.000917792
1960	0.000917792
1961	0.000917792
1962	0.000917792
1963	0.000917792
1964	0.000917792
1965	0.000917792
1966	0.000917792
1967	0.000917792
1968	0.000917792
1969	0.000917792
1970	0.000917792
1971	0.000917792
1972	0.000917792
1973	0.000917792
1974	0.000917792
1975	0.000917792
1976	0.000917792
1977	0.000917792
1978	0.000917792
1979	0.000917792
1980	0.000917792
1981	0.000917792
1982	0.000917792
1983	0.000917792
1984	0.000917792
1985	0.000917792
1986	0.000917792
1987	0.000917792
1988	0.000917792
1989	0.000917792
1990	0.000917792
1991	0.000917792
1992	0.000917792
1993	0.000917792
1994	0.000917792
1995	0.000917792
1996	0.000786679
1997	0.000786679
1998	0.000786679
1999	0.000786679
2000	0.000786679
2001	0.000786679
2002	0.000786679
2003	0.000786679
2004	0.000786679
2005	0.000786679
2006	0.000786679
2007	0.000786679
2008	0.000786679
2009	0.000786679
2010	0.000786679
2011	0.000786679
2012	0.000786679
2013	0.000786679
2014	0.000786679
2015	0.000786679
2016	0.000786679
2017	0.000786679
2018	0.000786679
2019	0.000786679
2020	0.000786679
2021	0.000786679
2022	0.000786679
2023	0.000786679
2024	0.000786679
2025	0.000786679
2026	0.000786679
2027	0.000786679
2028	0.000786679
2029	0.000786679
2030	0.000786679
2031	0.000786679
2032	0.000786679
2033	0.000786679
2034	0.000786679
2035	0.000786679
2036	0.000786679
2037	0.000786679
2038	0.000786679
2039	0.000786679
2040	0.000786679
2041	0.000786679
2042	0.000786679
2043	0.000786679
2044	0.000786679
2045	0.000786679
2046	0.000786679
2047	0.000655566
2048	0.000655566
2049	0.000655566
2050	0.000655566
2051	0.000655566
2052	0.000655566
2053	0.000655566
2054	0.000655566
2055	0.000655566
2056	0.000655566
2057	0.000655566
2058	0.000655566
2059	0.000655566
2060	0.000655566
2061	0.000655566
2062	0.000655566
2063	0.000655566
2064	0.000655566
2065	0.000655566
2066	0.000655566
2067	0.000655566
2068	0.000655566
2069	0.000655566
2070	0.000655566
2071	0.000655566
2072	0.000655566
2073	0.000655566
2074	0.000655566
2075	0.000655566
2076	0.000655566
2077	0.000655566
2078	0.000655566
2079	0.000655566
2080	0.000655566
2081	0.000655566
2082	0.000655566
2083	0.000655566
2084	0.000655566
2085	0.000655566
2086	0.000655566
2087	0.000655566
2088	0.000655566
2089	0.000655566
2090	0.000655566
2091	0.000655566
2092	0.000655566
2093	0.000655566
2094	0.000655566
2095	0.000655566
2096	0.000655566
2097	0.000655566
2098	0.000655566
2099	0.000655566
2100	0.000655566
2101	0.000655566
2102	0.000655566
2103	0.000655566
2104	0.000655566
2105	0.000655566
2106	0.000655566
2107	0.000655566
2108	0.000655566
2109	0.000655566
2110	0.000655566
2111	0.000655566
2112	0.000655566
2113	0.000655566
2114	0.000655566
2115	0.000655566
2116	0.000655566
2117	0.000655566
2118	0.000655566
2119	0.000655566
2120	0.000655566
2121	0.000524453
2122	0.000524453
2123	0.000524453
2124	0.000524453
2125	0.000524453
2126	0.000524453
2127	0.000524453
2128	0.000524453
2129	0.000524453
2130	0.000524453
2131	0.000524453
2132	0.000524453
2133	0.000524453
2134	0.000524453
2135	0.000524453
2136	0.000524453
2137	0.000524453
2138	0.000524453
2139	0.000524453
2140	0.000524453
2141	0.000524453
2142	0.000524453
2143	0.000524453
2144	0.000524453
2145	0.000524453
2146	0.000524453
2147	0.000524453
2148	0.000524453
2149	0.000524453
2150	0.000524453
2151	0.000524453
2152	0.000524453
2153	0.000524453
2154	0.000524453
2155	0.000524453
2156	0.000524453
2157	0.000524453
2158	0.000524453
2159	0.000524453
2160	0.000524453
2161	0.000524453
2162	0.000524453
2163	0.000524453
2164	0.000524453
2165	0.000524453
2166	0.000524453
2167	0.000524453
2168	0.000524453
2169	0.000524453
2170	0.000524453
2171	0.000524453
2172	0.000524453
2173	0.000524453
2174	0.000524453
2175	0.000524453
2176	0.000524453
2177	0.000524453
2178	0.000524453
2179	0.000524453
2180	0.000524453
2181	0.000524453
2182	0.000524453
2183	0.000524453
2184	0.000524453
2185	0.000524453
2186	0.000524453
2187	0.000524453
2188	0.000524453
2189	0.000524453
2190	0.000524453
2191	0.000524453
2192	0.000524453
2193	0.000524453
2194	0.000524453
2195	0.000524453
2196	0.000524453
2197	0.000524453
2198	0.000524453
2199	0.000524453
2200	0.000524453
2201	0.000524453
2202	0.000524453
2203	0.000524453
2204	0.000524453
2205	0.000524453
2206	0.000524453
2207	0.000524453
2208	0.000524453
2209	0.000524453
2210	0.000524453
2211	0.000524453
2212	0.000524453
2213	0.000524453
2214	0.000524453
2215	0.000524453
2216	0.000524453
2217	0.000524453
2218	0.000524453
2219	0.000524453
2220	0.000524453
2221	0.000524453
2222	0.000524453
2223	0.000524453
2224	0.000524453
2225	0.000524453
2226	0.000524453
2227	0.000524453
2228	0.000524453
2229	0.000524453
2230	0.000524453
2231	0.000524453
2232	0.000524453
2233	0.000524453
2234	0.000524453
2235	0.000524453
2236	0.000524453
2237	0.000524453
2238	0.000524453
2239	0.000524453
2240	0.000524453
2241	0.000524453
2242	0.000524453
2243	0.000524453
2244	0.000524453
2245	0.000524453
2246	0.000524453
2247	0.000393339
2248	0.000393339
2249	0.000393339
2250	0.000393339
2251	0.000393339
2252	0.000393339
2253	0.000393339
2254	0.000393339
2255	0.000393339
2256	0.000393339
2257	0.000393339
2258	0.000393339
2259	0.000393339
2260	0.000393339
2261	0.000393339
2262	0.000393339
2263	0.000393339
2264	0.000393339
2265	0.000393339
2266	0.000393339
2267	0.000393339
2268	0.000393339
2269	0.000393339
2270	0.000393339
2271	0.000393339
2272	0.000393339
2273	0.000393339
2274	0.000393339
2275	0.000393339
2276	0.000393339
2277	0.000393339
2278	0.000393339
2279	0.000393339
2280	0.000393339
2281	0.000393339
2282	0.000393339
2283	0.000393339
2284	0.000393339
2285	0.000393339
2286	0.000393339
2287	0.000393339
2288	0.000393339
2289	0.000393339
2290	0.000393339
2291	0.000393339
2292	0.000393339
2293	0.000393339
2294	0.000393339
2295	0.000393339
2296	0.000393339
2297	0.000393339
2298	0.000393339
2299	0.000393339
2300	0.000393339
2301	0.000393339
2302	0.000393339
2303	0.000393339
2304	0.000393339
2305	0.000393339
2306	0.000393339
2307	0.000393339
2308	0.000393339
2309	0.000393339
2310	0.000393339
2311	0.000393339
2312	0.000393339
2313	0.000393339
2314	0.000393339
2315	0.000393339
2316	0.000393339
2317	0.000393339
2318	0.000393339
2319	0.000393339
2320	0.000393339
2321	0.000393339
2322	0.000393339
2323	0.000393339
2324	0.000393339
2325	0.000393339
2326	0.000393339
2327	0.000393339
2328	0.000393339
2329	0.000393339
2330	0.000393339
2331	0.000393339
2332	0.000393339
2333	0.000393339
2334	0.000393339
2335	0.000393339
2336	0.000393339
2337	0.000393339
2338	0.000393339
2339	0.000393339
2340	0.000393339
2341	0.000393339
2342	0.000393339
2343	0.000393339
2344	0.000393339
2345	0.000393339
2346	0.000393339
2347	0.000393339
2348	0.000393339
2349	0.000393339
2350	0.000393339
2351	0.000393339
2352	0.000393339
2353	0.000393339
2354	0.000393339
2355	0.000393339
2356	0.000393339
2357	0.000393339
2358	0.000393339
2359	0.000393339
2360	0.000393339
2361	0.000393339
2362	0.000393339
2363	0.000393339
2364	0.000393339
2365	0.000393339
2366	0.000393339
2367	0.000393339
2368	0.000393339
2369	0.000393339
2370	0.000393339
2371	0.000393339
2372	0.000393339
2373	0.000393339
2374	0.000393339
2375	0.000393339
2376	0.000393339
2377	0.000393339
2378	0.000393339
2379	0.000393339
2380	0.000393339
2381	0.000393339
2382	0.000393339
2383	0.000393339
2384	0.000393339
2385	0.000393339
2386	0.000393339
2387	0.000393339
2388	0.000393339
2389	0.000393339
2390	0.000393339
2391	0.000393339
2392	0.000393339
2393	0.000393339
2394	0.000393339
2395	0.000393339
2396	0.000393339
2397	0.000393339
2398	0.000393339
2399	0.000393339
2400	0.000393339
2401	0.000393339
2402	0.000393339
2403	0.000393339
2404	0.000393339
2405	0.000393339
2406	0.000393339
2407	0.000393339
2408	0.000393339
2409	0.000393339
2410	0.000393339
2411	0.000393339
2412	0.000393339
2413	0.000393339
2414	0.000393339
2415	0.000393339
2416	0.000393339
2417	0.000393339
2418	0.000393339
2419	0.000393339
2420	0.000393339
2421	0.000393339
2422	0.000393339
2423	0.000393339
2424	0.000393339
2425	0.000393339
2426	0.000393339
2427	0.000393339
2428	0.000393339
2429	0.000393339
2430	0.000393339
2431	0.000393339
2432	0.000393339
2433	0.000393339
2434	0.000393339
2435	0.000393339
2436	0.000393339
2437	0.000393339
2438	0.000393339
2439	0.000393339
2440	0.000393339
2441	0.000393339
2442	0.000393339
2443	0.000393339
2444	0.000393339
2445	0.000393339
2446	0.000393339
2447	0.000393339
2448	0.000393339
2449	0.000393339
2450	0.000393339
2451	0.000393339
2452	0.000393339
2453	0.000393339
2454	0.000393339
2455	0.000393339
2456	0.000393339
2457	0.000393339
2458	0.000393339
2459	0.000393339
2460	0.000393339
2461	0.000393339
2462	0.000393339
2463	0.000393339
2464	0.000393339
2465	0.000393339
2466	0.000393339
2467	0.000393339
2468	0.000393339
2469	0.000393339
2470	0.000393339
2471	0.000393339
2472	0.000393339
2473	0.000393339
2474	0.000393339
2475	0.000393339
2476	0.000393339
2477	0.000393339
2478	0.000393339
2479	0.000393339
2480	0.000393339
2481	0.000393339
2482	0.000393339
2483	0.000393339
2484	0.000393339
2485	0.000393339
2486	0.000393339
2487	0.000393339
2488	0.000393339
2489	0.000393339
2490	0.000393339
2491	0.000393339
2492	0.000393339
2493	0.000393339
2494	0.000393339
2495	0.000393339
2496	0.000393339
2497	0.000393339
2498	0.000393339
2499	0.000393339
2500	0.000393339
2501	0.000393339
2502	0.000393339
2503	0.000393339
2504	0.000393339
2505	0.000393339
2506	0.000393339
2507	0.000393339
2508	0.000393339
2509	0.000393339
2510	0.000393339
2511	0.000393339
2512	0.000393339
2513	0.000393339
2514	0.000393339
2515	0.000393339
2516	0.000393339
2517	0.000393339
2518	0.000393339
2519	0.000393339
2520	0.000393339
2521	0.000393339
2522	0.000393339
2523	0.000393339
2524	0.000393339
2525	0.000393339
2526	0.000393339
2527	0.000393339
2528	0.000393339
2529	0.000393339
2530	0.000393339
2531	0.000393339
2532	0.000393339
2533	0.000393339
2534	0.000393339
2535	0.000393339
2536	0.000393339
2537	0.000393339
2538	0.000393339
2539	0.000393339
2540	0.000393339
2541	0.000393339
2542	0.000393339
2543	0.000393339
2544	0.000393339
2545	0.000393339
2546	0.000393339
2547	0.000393339
2548	0.000393339
2549	0.000393339
2550	0.000393339
2551	0.000393339
2552	0.000393339
2553	0.000393339
2554	0.000393339
2555	0.000393339
2556	0.000393339
2557	0.000393339
2558	0.000393339
2559	0.000393339
2560	0.000393339
2561	0.000393339
2562	0.000393339
2563	0.000393339
2564	0.000393339
2565	0.000393339
2566	0.000393339
2567	0.000393339
2568	0.000393339
2569	0.000393339
2570	0.000393339
2571	0.000393339
2572	0.000393339
2573	0.000393339
2574	0.000393339
2575	0.000393339
2576	0.000393339
2577	0.000393339
2578	0.000393339
2579	0.000393339
2580	0.000393339
2581	0.000393339
2582	0.000393339
2583	0.000393339
2584	0.000393339
2585	0.000393339
2586	0.000393339
2587	0.000393339
2588	0.000393339
2589	0.000393339
2590	0.000393339
2591	0.000393339
2592	0.000393339
2593	0.000393339
2594	0.000393339
2595	0.000393339
2596	0.000393339
2597	0.000393339
2598	0.000393339
2599	0.000393339
2600	0.000393339
2601	0.000393339
2602	0.000393339
2603	0.000393339
2604	0.000393339
2605	0.000393339
2606	0.000393339
2607	0.000393339
2608	0.000393339
2609	0.000393339
2610	0.000393339
2611	0.000393339
2612	0.000393339
2613	0.000393339
2614	0.000393339
2615	0.000393339
2616	0.000393339
2617	0.000393339
2618	0.000393339
2619	0.000393339
2620	0.000393339
2621	0.000393339
2622	0.000393339
2623	0.000393339
2624	0.000393339
2625	0.000393339
2626	0.000393339
2627	0.000393339
2628	0.000393339
2629	0.000524453
2630	0.000524453
2631	0.000524453
2632	0.000524453
2633	0.000524453
2634	0.000524453
2635	0.000524453
2636	0.000524453
2637	0.000524453
2638	0.000524453
2639	0.000524453
2640	0.000524453
2641	0.000524453
2642	0.000524453
2643	0.000524453
2644	0.000524453
2645	0.000524453
2646	0.000524453
2647	0.000524453
2648	0.000524453
2649	0.000524453
2650	0.000524453
2651	0.000524453
2652	0.000524453
2653	0.000524453
2654	0.000524453
2655	0.000524453
2656	0.000524453
2657	0.000524453
2658	0.000524453
2659	0.000524453
2660	0.000524453
2661	0.000524453
2662	0.000524453
2663	0.000524453
2664	0.000524453
2665	0.000524453
2666	0.000524453
2667	0.000524453
2668	0.000524453
2669	0.000524453
2670	0.000524453
2671	0.000524453
2672	0.000524453
2673	0.000524453
2674	0.000524453
2675	0.000524453
2676	0.000524453
2677	0.000524453
2678	0.000524453
2679	0.000524453
2680	0.000524453
2681	0.000524453
2682	0.000524453
2683	0.000524453
2684	0.000524453
2685	0.000524453
2686	0.000524453
2687	0.000524453
2688	0.000524453
2689	0.000524453
2690	0.000524453
2691	0.000524453
2692	0.000524453
2693	0.000524453
2694	0.000524453
2695	0.000524453
2696	0.000524453
2697	0.000655566
2698	0.000655566
2699	0.000655566
2700	0.000655566
2701	0.000655566
2702	0.000655566
2703	0.000655566
2704	0.000655566
2705	0.000655566
2706	0.000655566
2707	0.000655566
2708	0.000655566
2709	0.000655566
2710	0.000655566
2711	0.000655566
2712	0.000655566
2713	0.000655566
2714	0.000655566
2715	0.000655566
2716	0.000655566
2717	0.000655566
2718	0.000655566
2719	0.000655566
2720	0.000655566
2721	0.000655566
2722	0.000655566
2723	0.000655566
2724	0.000655566
2725	0.000655566
2726	0.000655566
2727	0.000655566
2728	0.000655566
2729	0.000655566
2730	0.000655566
2731	0.000655566
2732	0.000655566
2733	0.000786679
2734	0.000786679
2735	0.000786679
2736	0.000786679
2737	0.000786679
2738	0.000786679
2739	0.000786679
2740	0.000786679
2741	0.000786679
2742	0.000786679
2743	0.000786679
2744	0.000786679
2745	0.000786679
2746	0.000786679
2747	0.000786679
2748	0.000786679
2749	0.000786679
2750	0.000786679
2751	0.000786679
2752	0.000786679
2753	0.000786679
2754	0.000786679
2755	0.000786679
2756	0.000917792
2757	0.000917792
2758	0.000917792
2759	0.000917792
2760	0.000917792
2761	0.000917792
2762	0.000917792
2763	0.000917792
2764	0.000917792
2765	0.000917792
2766	0.000917792
2767	0.000917792
2768	0.000917792
2769	0.000917792
2770	0.000917792
2771	0.000917792
2772	0.000917792
2773	0.001048905
2774	0.001048905
2775	0.001048905
2776	0.001048905
2777	0.001048905
2778	0.001048905
2779	0.001048905
2780	0.001048905
2781	0.001048905
2782	0.001048905
2783	0.001048905
2784	0.001048905
2785	0.001048905
2786	0.001180018
2787	0.001180018
2788	0.001180018
2789	0.001180018
2790	0.001180018
2791	0.001180018
2792	0.001180018
2793	0.001180018
2794	0.001180018
2795	0.001180018
2796	0.001180018
2797	0.001311132
2798	0.001311132
2799	0.001311132
2800	0.001311132
2801	0.001311132
2802	0.001311132
2803	0.001311132
2804	0.001311132
2805	0.001442245
2806	0.001442245
2807	0.001442245
2808	0.001442245
2809	0.001442245
2810	0.001442245
2811	0.001442245
2812	0.001442245
2813	0.001573358
2814	0.001573358
2815	0.001573358
2816	0.001573358
2817	0.001573358
2818	0.001573358
2819	0.001704471
2820	0.001704471
2821	0.001704471
2822	0.001704471
2823	0.001704471
2824	0.001835584
2825	0.001835584
2826	0.001835584
2827	0.001835584
2828	0.001835584
2829	0.001966697
2830	0.001966697
2831	0.001966697
2832	0.001966697
2833	0.001966697
2834	0.00209781
2835	0.00209781
2836	0.00209781
2837	0.002228924
2838	0.002228924
2839	0.002228924
2840	0.002228924
2841	0.002360037
2842	0.002360037
2843	0.002360037
2844	0.00249115
2845	0.00249115
2846	0.00249115
2847	0.002622263
2848	0.002622263
2849	0.002622263
2850	0.002753376
2851	0.002753376
2852	0.002884489
2853	0.002884489
2854	0.002884489
2855	0.003015602
2856	0.003015602
2857	0.003146716
2858	0.003146716
2859	0.003277829
2860	0.003277829
2861	0.003408942
2862	0.003408942
2863	0.003540055
2864	0.003671168
2865	0.003671168
2866	0.003802281
2867	0.003933395
2868	0.003933395
2869	0.004064508
2870	0.004195621
2871	0.004326734
2872	0.004326734
2873	0.004457847
2874	0.00458896
2875	0.004720073
2876	0.004851187
2877	0.0049823
2878	0.005113413
2879	0.005244526
2880	0.005375639
2881	0.005506752
2882	0.005768979
2883	0.005900092
2884	0.006031205
2885	0.006293431
2886	0.006424544
2887	0.006686771
2888	0.006817884
2889	0.00708011
2890	0.007342336
2891	0.007604563
2892	0.007866789
2893	0.008129015
2894	0.008391242
2895	0.008784581
2896	0.009046807
2897	0.009440147
2898	0.009702373
2899	0.010095713
2900	0.010489052
2901	0.011013505
2902	0.011406844
2903	0.011931297
2904	0.012455749
2905	0.012980202
2906	0.013635768
2907	0.014291333
2908	0.014946899
2909	0.015733578
2910	0.016520257
2911	0.017306936
2912	0.018224728
2913	0.019273633
2914	0.020322538
2915	0.021502557
2916	0.022813688
2917	0.024255933
2918	0.025829291
2919	0.027533762
2920	0.029369346
2921	0.031467156
2922	0.033827193
2923	0.036318343
2924	0.039202832
2925	0.042349548
2926	0.046020716
2927	0.050085224
2928	0.054674184
2929	0.060049823
2930	0.066081028
2931	0.073161138
2932	0.081421267
2933	0.090992527
2934	0.102399371
2935	0.116035138
2936	0.132293169
2937	0.151960142
2938	0.176216074
2939	0.206109873
2940	0.243477121
2941	0.290415629
2942	0.349809886
2943	0.424806608
2944	0.518552511
2945	0.63170316
2946	0.759014029
2947	0.883571522
2948	0.974826275
2949	1.000393339
2950	0.949390324
2951	0.842664219
2952	0.714304445
2953	0.590664744
2954	0.484069752
2955	0.397141733
2956	0.327782877
2957	0.27297758
2958	0.229579127
2959	0.195096368
2960	0.16730038
2961	0.144748918
2962	0.126261964
2963	0.111052839
2964	0.098334863
2965	0.087583585
2966	0.078405664
2967	0.070669988
2968	0.063983218
2969	0.058083126
2970	0.053100826
2971	0.048642979
2972	0.044709584
2973	0.041300642
2974	0.038153927
2975	0.035400551
2976	0.032909401
2977	0.030680477
2978	0.02871378
2979	0.026878196
2980	0.025304838
2981	0.02373148
2982	0.022420349
2983	0.021109217
2984	0.019929199
2985	0.018880294
2986	0.017962502
2987	0.01704471
2988	0.016258031
2989	0.015471352
2990	0.014684673
2991	0.014029107
2992	0.013373541
2993	0.012849089
2994	0.012324636
2995	0.011800184
2996	0.011275731
2997	0.010751278
2998	0.010357939
2999	0.009964599
3000	0.00957126
3001	0.009309034
3002	0.008915694
3003	0.008653468
3004	0.008260128
3005	0.007997902
3006	0.007735676
3007	0.00747345
3008	0.007211223
3009	0.006948997
3010	0.006817884
3011	0.006555658
3012	0.006424544
3013	0.006162318
3014	0.006031205
3015	0.005768979
3016	0.005637865
3017	0.005506752
3018	0.005375639
3019	0.005244526
3020	0.005113413
3021	0.0049823
3022	0.004851187
3023	0.004720073
3024	0.00458896
3025	0.004457847
3026	0.004326734
3027	0.004195621
3028	0.004064508
3029	0.004064508
3030	0.003933395
3031	0.003802281
3032	0.003802281
3033	0.003671168
3034	0.003540055
3035	0.003540055
3036	0.003408942
3037	0.003408942
3038	0.003277829
3039	0.003146716
3040	0.003146716
3041	0.003015602
3042	0.003015602
3043	0.002884489
3044	0.002884489
3045	0.002884489
3046	0.002753376
3047	0.002753376
3048	0.002622263
3049	0.002622263
3050	0.002622263
