   0.000000000000000         4.937781396512303
  10.000000000000000         4.936320133241518
  20.000000000000000         4.958285106991423
  30.000000000000000         5.003338214982636
  40.000000000000000         5.067600378615981
  50.000000000000000         5.149040956189033
  60.000000000000000         5.246311568471855
  70.000000000000000         5.358371798321362
  80.000000000000000         5.484350637420651
  90.000000000000000         5.623388682730441
 100.000000000000000         5.774710486993665
 110.000000000000000         5.937510620893819
 120.000000000000000         6.111119965298211
 130.000000000000000         6.294786134636476
 140.000000000000000         6.487784957396917
 150.000000000000000         6.689534439768450
 160.000000000000000         6.899357810064393
 170.000000000000000         7.116697497877041
 180.000000000000000         7.341077921933243
 190.000000000000000         7.571884297338927
 200.000000000000000         7.808694364239363
 210.000000000000000         8.051096439174486
 220.000000000000000         8.298756336976670
 230.000000000000000         8.551150818166105
 240.000000000000000         8.808094398852113
 250.000000000000000         9.069225420369365
 260.000000000000000         9.334254593418501
 270.000000000000000         9.602982070735113
 280.000000000000000         9.875132195412244
 290.000000000000000        10.150493748772044
 300.000000000000000        10.428754598012816
 310.000000000000000        10.709929064521203
 320.000000000000000        10.993716647428371
 330.000000000000000        11.280027293084398
 340.000000000000000        11.568665599015134
 350.000000000000000        11.859518885025668
 360.000000000000000        12.152494484258243
 370.000000000000000        12.447415651312587
 380.000000000000000        12.744266737483208
 390.000000000000000        13.042833980457502
 400.000000000000000        13.343141939804978
 410.000000000000000        13.645045316482125
 420.000000000000000        13.948483615288033
 430.000000000000000        14.253355602173553
 440.000000000000000        14.559629532241228
 450.000000000000000        14.867281302916057
 460.000000000000000        15.176106175673663
