   0.000000000000000         0.000000000000000
  10.000000000000000       -10.537926957334717
  20.000000000000000        -8.104660507624715
  30.000000000000000        -6.250163995888581
  40.000000000000000        -5.044264387780948
  50.000000000000000        -4.237055822249128
  60.000000000000000        -3.657490516585092
  70.000000000000000        -3.216585505407972
  80.000000000000000        -2.866244914971040
  90.000000000000000        -2.578753496612085
 100.000000000000000        -2.337249325401362
 110.000000000000000        -2.130755692305669
 120.000000000000000        -1.951629699779516
 130.000000000000000        -1.794200407901533
 140.000000000000000        -1.654772890423688
 150.000000000000000        -1.530337228560980
 160.000000000000000        -1.418555891322496
 170.000000000000000        -1.317793868529002
 180.000000000000000        -1.226456650720768
 190.000000000000000        -1.143368908644357
 200.000000000000000        -1.067731526712008
 210.000000000000000        -0.998714008157613
 220.000000000000000        -0.935492767442909
 230.000000000000000        -0.877544571936952
 240.000000000000000        -0.824407086133268
 250.000000000000000        -0.775525396390471
 260.000000000000000        -0.730555317924562
 270.000000000000000        -0.689126572576785
 280.000000000000000        -0.650869797005497
 290.000000000000000        -0.615483579606498
 300.000000000000000        -0.582765911859607
 310.000000000000000        -0.552471625594262
 320.000000000000000        -0.524355476529141
 330.000000000000000        -0.498238247924260
 340.000000000000000        -0.473933076311224
 350.000000000000000        -0.451312708468911
 360.000000000000000        -0.430201238474804
 370.000000000000000        -0.410471703868503
 380.000000000000000        -0.392039549022225
 390.000000000000000        -0.374766538098783
 400.000000000000000        -0.358573751631753
 410.000000000000000        -0.343370448966925
 420.000000000000000        -0.329069406591767
 430.000000000000000        -0.315614412152082
 440.000000000000000        -0.302925662193710
 450.000000000000000        -0.290959108416678
 460.000000000000000        -0.279654244694911
