#v	DOS
-190	0.002451613
-189	0.002580645
-188	0.002580645
-187	0.002580645
-186	0.002580645
-185	0.002580645
-184	0.002580645
-183	0.002580645
-182	0.002709677
-181	0.002709677
-180	0.002709677
-179	0.002709677
-178	0.002709677
-177	0.002709677
-176	0.00283871
-175	0.00283871
-174	0.00283871
-173	0.00283871
-172	0.00283871
-171	0.002967742
-170	0.002967742
-169	0.002967742
-168	0.002967742
-167	0.002967742
-166	0.003096774
-165	0.003096774
-164	0.003096774
-163	0.003096774
-162	0.003225806
-161	0.003225806
-160	0.003225806
-159	0.003225806
-158	0.003225806
-157	0.003354839
-156	0.003354839
-155	0.003354839
-154	0.003483871
-153	0.003483871
-152	0.003483871
-151	0.003483871
-150	0.003612903
-149	0.003612903
-148	0.003612903
-147	0.003741935
-146	0.003741935
-145	0.003741935
-144	0.003741935
-143	0.003870968
-142	0.003870968
-141	0.004
-140	0.004
-139	0.004
-138	0.004129032
-137	0.004129032
-136	0.004129032
-135	0.004258065
-134	0.004258065
-133	0.004387097
-132	0.004387097
-131	0.004516129
-130	0.004516129
-129	0.004645161
-128	0.004645161
-127	0.004774194
-126	0.004774194
-125	0.004903226
-124	0.004903226
-123	0.005032258
-122	0.005032258
-121	0.00516129
-120	0.005290323
-119	0.005290323
-118	0.005419355
-117	0.005548387
-116	0.005677419
-115	0.005806452
-114	0.005806452
-113	0.005935484
-112	0.006064516
-111	0.006193548
-110	0.006322581
-109	0.006451613
-108	0.006709677
-107	0.00683871
-106	0.006967742
-105	0.007096774
-104	0.007354839
-103	0.007612903
-102	0.007741935
-101	0.008
-100	0.008258065
-99	0.008516129
-98	0.008903226
-97	0.00916129
-96	0.009548387
-95	0.009935484
-94	0.010322581
-93	0.01083871
-92	0.011483871
-91	0.012129032
-90	0.012774194
-89	0.013677419
-88	0.014709677
-87	0.015870968
-86	0.01716129
-85	0.01883871
-84	0.020774194
-83	0.023096774
-82	0.025677419
-81	0.028516129
-80	0.031483871
-79	0.034580645
-78	0.037677419
-77	0.040774194
-76	0.043870968
-75	0.046967742
-74	0.049806452
-73	0.052645161
-72	0.055225806
-71	0.057677419
-70	0.060129032
-69	0.06283871
-68	0.065806452
-67	0.069032258
-66	0.072387097
-65	0.075612903
-64	0.078709677
-63	0.081548387
-62	0.084258065
-61	0.086709677
-60	0.088903226
-59	0.090709677
-58	0.092387097
-57	0.093806452
-56	0.095096774
-55	0.096258065
-54	0.097290323
-53	0.097935484
-52	0.098451613
-51	0.098451613
-50	0.098064516
-49	0.09716129
-48	0.095870968
-47	0.094322581
-46	0.092516129
-45	0.090580645
-44	0.088645161
-43	0.086709677
-42	0.084774194
-41	0.082967742
-40	0.081032258
-39	0.079225806
-38	0.077548387
-37	0.075741935
-36	0.073935484
-35	0.072258065
-34	0.070580645
-33	0.069032258
-32	0.067483871
-31	0.066193548
-30	0.064903226
-29	0.063741935
-28	0.062580645
-27	0.061677419
-26	0.060774194
-25	0.059870968
-24	0.058967742
-23	0.058193548
-22	0.057419355
-21	0.056774194
-20	0.056258065
-19	0.055870968
-18	0.055612903
-17	0.055354839
-16	0.055225806
-15	0.054967742
-14	0.054580645
-13	0.054064516
-12	0.053419355
-11	0.052645161
-10	0.051612903
-9	0.050580645
-8	0.049419355
-7	0.048258065
-6	0.047096774
-5	0.045935484
-4	0.044903226
-3	0.044129032
-2	0.043612903
-1	0.043354839
0	0.043741935
1	0.044516129
2	0.045935484
3	0.047741935
4	0.049935484
5	0.052387097
6	0.054967742
7	0.057806452
8	0.060903226
9	0.064
10	0.067354839
11	0.070709677
12	0.074322581
13	0.078064516
14	0.081935484
15	0.086193548
16	0.090709677
17	0.095612903
18	0.100903226
19	0.106451613
20	0.112129032
21	0.117935484
22	0.123870968
23	0.129548387
24	0.135096774
25	0.140129032
26	0.144774194
27	0.149032258
28	0.152774194
29	0.156258065
30	0.159741935
31	0.163483871
32	0.167483871
33	0.171870968
34	0.176645161
35	0.181806452
36	0.187354839
37	0.193548387
38	0.200387097
39	0.208
40	0.216258065
41	0.224903226
42	0.233548387
43	0.241419355
44	0.248
45	0.25316129
46	0.256645161
47	0.258322581
48	0.258580645
49	0.257806452
50	0.256516129
51	0.255225806
52	0.254193548
53	0.253419355
54	0.25316129
55	0.252903226
56	0.252903226
57	0.252903226
58	0.253419355
59	0.255096774
60	0.258580645
61	0.264516129
62	0.273290323
63	0.284516129
64	0.297677419
65	0.311870968
66	0.326193548
67	0.339354839
68	0.350709677
69	0.359612903
70	0.366064516
71	0.370322581
72	0.372516129
73	0.373032258
74	0.372387097
75	0.371225806
76	0.370193548
77	0.370064516
78	0.371096774
79	0.373677419
80	0.377032258
81	0.380774194
82	0.384129032
83	0.386967742
84	0.389935484
85	0.393290323
86	0.397548387
87	0.403354839
88	0.410967742
89	0.42116129
90	0.434322581
91	0.451225806
92	0.471483871
93	0.494580645
94	0.519225806
95	0.544129032
96	0.567483871
97	0.587870968
98	0.603741935
99	0.614193548
100	0.620129032
101	0.623096774
102	0.625290323
103	0.628516129
104	0.634451613
105	0.643741935
106	0.656258065
107	0.670709677
108	0.684258065
109	0.694580645
110	0.699870968
111	0.700645161
112	0.698193548
113	0.694064516
114	0.689290323
115	0.684258065
116	0.678322581
117	0.671354839
118	0.664
119	0.65716129
120	0.652
121	0.649032258
122	0.648258065
123	0.649290323
124	0.651354839
125	0.652774194
126	0.652645161
127	0.649935484
128	0.644
129	0.634451613
130	0.620903226
131	0.603483871
132	0.582967742
133	0.560387097
134	0.537290323
135	0.514709677
136	0.493548387
137	0.47483871
138	0.459354839
139	0.448
140	0.441548387
141	0.440516129
142	0.445032258
143	0.455225806
144	0.470709677
145	0.490451613
146	0.512516129
147	0.534580645
148	0.554064516
149	0.569032258
150	0.57883871
151	0.583483871
152	0.584129032
153	0.581935484
154	0.578580645
155	0.574709677
156	0.570967742
157	0.567870968
158	0.565806452
159	0.564774194
160	0.564387097
161	0.564516129
162	0.565032258
163	0.566193548
164	0.567096774
165	0.566709677
166	0.564774194
167	0.561419355
168	0.55716129
169	0.552258065
170	0.54683871
171	0.540774194
172	0.534193548
173	0.526967742
174	0.519096774
175	0.511096774
176	0.503096774
177	0.495354839
178	0.487354839
179	0.478709677
180	0.46916129
181	0.458967742
182	0.449032258
183	0.440258065
184	0.433548387
185	0.42916129
186	0.427354839
187	0.428387097
188	0.432129032
189	0.438193548
190	0.446064516
191	0.454580645
192	0.462709677
193	0.46916129
194	0.473677419
195	0.476516129
196	0.477806452
197	0.478064516
198	0.477290323
199	0.475225806
200	0.472258065
201	0.468387097
202	0.464387097
203	0.46116129
204	0.459741935
205	0.460387097
206	0.462451613
207	0.464903226
208	0.467096774
209	0.469290323
210	0.472387097
211	0.476645161
212	0.481935484
213	0.487354839
214	0.492129032
215	0.495612903
216	0.497419355
217	0.497290323
218	0.49483871
219	0.489935484
220	0.482451613
221	0.472516129
222	0.460903226
223	0.448645161
224	0.436903226
225	0.426064516
226	0.415354839
227	0.404129032
228	0.391741935
229	0.378451613
230	0.365548387
231	0.354580645
232	0.34683871
233	0.342451613
234	0.341419355
235	0.342451613
236	0.343870968
237	0.343741935
238	0.340645161
239	0.333806452
240	0.323612903
241	0.310451613
242	0.294709677
243	0.276903226
244	0.258064516
245	0.239612903
246	0.222967742
247	0.209419355
248	0.199741935
249	0.194451613
250	0.193290323
251	0.195483871
252	0.200129032
253	0.206322581
254	0.213032258
255	0.220129032
256	0.227096774
257	0.234193548
258	0.241419355
259	0.24916129
260	0.257548387
261	0.266709677
262	0.276903226
263	0.288258065
264	0.300903226
265	0.314709677
266	0.329419355
267	0.344645161
268	0.359741935
269	0.373806452
270	0.386064516
271	0.396129032
272	0.404129032
273	0.410709677
274	0.416774194
275	0.423096774
276	0.430451613
277	0.438709677
278	0.447741935
279	0.456516129
280	0.463741935
281	0.468129032
282	0.469032258
283	0.467354839
284	0.464516129
285	0.462193548
286	0.461677419
287	0.463741935
288	0.468
289	0.47316129
290	0.476774194
291	0.476129032
292	0.468903226
293	0.45483871
294	0.435225806
295	0.412645161
296	0.389419355
297	0.367741935
298	0.348258065
299	0.331096774
300	0.316129032
301	0.302967742
302	0.291096774
303	0.280387097
304	0.270451613
305	0.261677419
306	0.253935484
307	0.247741935
308	0.242967742
309	0.239870968
310	0.238064516
311	0.23716129
312	0.236516129
313	0.235225806
314	0.232903226
315	0.228774194
316	0.222580645
317	0.214709677
318	0.206193548
319	0.198322581
320	0.192258065
321	0.188387097
322	0.186451613
323	0.186451613
324	0.187741935
325	0.189806452
326	0.192387097
327	0.195096774
328	0.197806452
329	0.200645161
330	0.203870968
331	0.207612903
332	0.211870968
333	0.216645161
334	0.221677419
335	0.226967742
336	0.232129032
337	0.236903226
338	0.241032258
339	0.244387097
340	0.247354839
341	0.25083871
342	0.255741935
343	0.262709677
344	0.272516129
345	0.285677419
346	0.301935484
347	0.320774194
348	0.340516129
349	0.359612903
350	0.376516129
351	0.391483871
352	0.406451613
353	0.424129032
354	0.444903226
355	0.466709677
356	0.485548387
357	0.496645161
358	0.496129032
359	0.481935484
360	0.454709677
361	0.41716129
362	0.37316129
363	0.326967742
364	0.282322581
365	0.241935484
366	0.207354839
367	0.17883871
368	0.155612903
369	0.136774194
370	0.121677419
371	0.109419355
372	0.099483871
373	0.091225806
374	0.084516129
375	0.07883871
376	0.074064516
377	0.070193548
378	0.06683871
379	0.064129032
380	0.061806452
381	0.06
382	0.058451613
383	0.057290323
384	0.056387097
385	0.055741935
386	0.055483871
387	0.055354839
388	0.055612903
389	0.056
390	0.056903226
391	0.057935484
392	0.059354839
393	0.061290323
394	0.063612903
395	0.066451613
396	0.070064516
397	0.074451613
398	0.079870968
399	0.086580645
400	0.094709677
401	0.104774194
402	0.116645161
403	0.130322581
404	0.145032258
405	0.159870968
406	0.173677419
407	0.186064516
408	0.197419355
409	0.208
410	0.218451613
411	0.228903226
412	0.239870968
413	0.251225806
414	0.262967742
415	0.274709677
416	0.286064516
417	0.296387097
418	0.305677419
419	0.313419355
420	0.319870968
421	0.325548387
422	0.330967742
423	0.336516129
424	0.342709677
425	0.349419355
426	0.356129032
427	0.362322581
428	0.368
429	0.374451613
430	0.384258065
431	0.400645161
432	0.426064516
433	0.460516129
434	0.502322581
435	0.547483871
436	0.591870968
437	0.631483871
438	0.662967742
439	0.684774194
440	0.697290323
441	0.702709677
442	0.702709677
443	0.697419355
444	0.685806452
445	0.665935484
446	0.635612903
447	0.592903226
448	0.538967742
449	0.478580645
450	0.418580645
451	0.364516129
452	0.319096774
453	0.283096774
454	0.255741935
455	0.236129032
456	0.223354839
457	0.216516129
458	0.215354839
459	0.219354839
460	0.227741935
461	0.239354839
462	0.252129032
463	0.264
464	0.273935484
465	0.28116129
466	0.286064516
467	0.289032258
468	0.291225806
469	0.293677419
470	0.297032258
471	0.301677419
472	0.307870968
473	0.315612903
474	0.324774194
475	0.335225806
476	0.346709677
477	0.359225806
478	0.372
479	0.384
480	0.394193548
481	0.401419355
482	0.405290323
483	0.406064516
484	0.403612903
485	0.397290323
486	0.386322581
487	0.370580645
488	0.350451613
489	0.328387097
490	0.306451613
491	0.286709677
492	0.270064516
493	0.256774194
494	0.246451613
495	0.238709677
496	0.23316129
497	0.229419355
498	0.227096774
499	0.226064516
500	0.226064516
501	0.226580645
502	0.227354839
503	0.227225806
504	0.225419355
505	0.220258065
506	0.210709677
507	0.196258065
508	0.178322581
509	0.159354839
510	0.141548387
511	0.126322581
512	0.113806452
513	0.103870968
514	0.096258065
515	0.090451613
516	0.086193548
517	0.083225806
518	0.081419355
519	0.080516129
520	0.080774194
521	0.081806452
522	0.084
523	0.087354839
524	0.092
525	0.098193548
526	0.106193548
527	0.116129032
528	0.128129032
529	0.141935484
530	0.157419355
531	0.173935484
532	0.191096774
533	0.208387097
534	0.225677419
535	0.24283871
536	0.260129032
537	0.277290323
538	0.293935484
539	0.308903226
540	0.320903226
541	0.328903226
542	0.332
543	0.329935484
544	0.322580645
545	0.310967742
546	0.296516129
547	0.281032258
548	0.266064516
549	0.252516129
550	0.240774194
551	0.230580645
552	0.221419355
553	0.213032258
554	0.205032258
555	0.197935484
556	0.192258065
557	0.188774194
558	0.188516129
559	0.192129032
560	0.200645161
561	0.214709677
562	0.235354839
563	0.263354839
564	0.299096774
565	0.341935484
566	0.388903226
567	0.43483871
568	0.473677419
569	0.500774194
570	0.514451613
571	0.514451613
572	0.503096774
573	0.483870968
574	0.461290323
575	0.440258065
576	0.42516129
577	0.419096774
578	0.423096774
579	0.435225806
580	0.452258065
581	0.470580645
582	0.486580645
583	0.49716129
584	0.498967742
585	0.489419355
586	0.466709677
587	0.432
588	0.388516129
589	0.341806452
590	0.297290323
591	0.258193548
592	0.225935484
593	0.200387097
594	0.180645161
595	0.165677419
596	0.154709677
597	0.147225806
598	0.142709677
599	0.141032258
600	0.141935484
601	0.145548387
602	0.152258065
603	0.162451613
604	0.176774194
605	0.196387097
606	0.222193548
607	0.256
608	0.298709677
609	0.350580645
610	0.408903226
611	0.465806452
612	0.508258065
613	0.523096774
614	0.504903226
615	0.459741935
616	0.400903226
617	0.341032258
618	0.287483871
619	0.24283871
620	0.207096774
621	0.17883871
622	0.156645161
623	0.139225806
624	0.125419355
625	0.114580645
626	0.106064516
627	0.099354839
628	0.094193548
629	0.090451613
630	0.087741935
631	0.086064516
632	0.085419355
633	0.085806452
634	0.087096774
635	0.089548387
636	0.093032258
637	0.098064516
638	0.104645161
639	0.113290323
640	0.124387097
641	0.138580645
642	0.156516129
643	0.178967742
644	0.206322581
645	0.238193548
646	0.273290323
647	0.308903226
648	0.343096774
649	0.374064516
650	0.400516129
651	0.420903226
652	0.432387097
653	0.430967742
654	0.413935484
655	0.381935484
656	0.339612903
657	0.294322581
658	0.251741935
659	0.215225806
660	0.185290323
661	0.161677419
662	0.143096774
663	0.128645161
664	0.117548387
665	0.108903226
666	0.102580645
667	0.097935484
668	0.09483871
669	0.093032258
670	0.092516129
671	0.09316129
672	0.094967742
673	0.098193548
674	0.10283871
675	0.10916129
676	0.117548387
677	0.128258065
678	0.142193548
679	0.159870968
680	0.182709677
681	0.211741935
682	0.248774194
683	0.294967742
684	0.350451613
685	0.412387097
686	0.472
687	0.514967742
688	0.52683871
689	0.503096774
690	0.453032258
691	0.392516129
692	0.333935484
693	0.283612903
694	0.242967742
695	0.211483871
696	0.187483871
697	0.169677419
698	0.156774194
699	0.148129032
700	0.143096774
701	0.141419355
702	0.14283871
703	0.147483871
704	0.155870968
705	0.168516129
706	0.185935484
707	0.209419355
708	0.239741935
709	0.277032258
710	0.320258065
711	0.365548387
712	0.406967742
713	0.438064516
714	0.454193548
715	0.453548387
716	0.436903226
717	0.407225806
718	0.368774194
719	0.326064516
720	0.283096774
721	0.242967742
722	0.207612903
723	0.177935484
724	0.153548387
725	0.133935484
726	0.118064516
727	0.105419355
728	0.095225806
729	0.08683871
730	0.080129032
731	0.074451613
732	0.069935484
733	0.066064516
734	0.062967742
735	0.060387097
736	0.058193548
737	0.056516129
738	0.055225806
739	0.054193548
740	0.053419355
741	0.053032258
742	0.052903226
743	0.052903226
744	0.053290323
745	0.053806452
746	0.054709677
747	0.055870968
748	0.057290323
749	0.058967742
750	0.06116129
751	0.063612903
752	0.066709677
753	0.070193548
754	0.074322581
755	0.079354839
756	0.08516129
757	0.092258065
758	0.100645161
759	0.11083871
760	0.123225806
761	0.138451613
762	0.157290323
763	0.180903226
764	0.210322581
765	0.246967742
766	0.291741935
767	0.344258065
768	0.401419355
769	0.456129032
770	0.498967742
771	0.521419355
772	0.519225806
773	0.493806452
774	0.452129032
775	0.404
776	0.358451613
777	0.320645161
778	0.292645161
779	0.274322581
780	0.26516129
781	0.264516129
782	0.272387097
783	0.289032258
784	0.315225806
785	0.352
786	0.399612903
787	0.456645161
788	0.517935484
789	0.573806452
790	0.612387097
791	0.62516129
792	0.612903226
793	0.584774194
794	0.553548387
795	0.529806452
796	0.519612903
797	0.523870968
798	0.539612903
799	0.561935484
800	0.584903226
801	0.603354839
802	0.614322581
803	0.617548387
804	0.614064516
805	0.60683871
806	0.599096774
807	0.593677419
808	0.591612903
809	0.590709677
810	0.586580645
811	0.574451613
812	0.552
813	0.520258065
814	0.483096774
815	0.444129032
816	0.405548387
817	0.367741935
818	0.330580645
819	0.294193548
820	0.259354839
821	0.226967742
822	0.198193548
823	0.173419355
824	0.152774194
825	0.135612903
826	0.121677419
827	0.110064516
828	0.100516129
829	0.092516129
830	0.085806452
831	0.080129032
832	0.075354839
833	0.071225806
834	0.067741935
835	0.064645161
836	0.062064516
837	0.059870968
838	0.058064516
839	0.056516129
840	0.055225806
841	0.054064516
842	0.053290323
843	0.052645161
844	0.052258065
845	0.052
846	0.052
847	0.052129032
848	0.052516129
849	0.053032258
850	0.053806452
851	0.054709677
852	0.055870968
853	0.057419355
854	0.059096774
855	0.061032258
856	0.063354839
857	0.066064516
858	0.069032258
859	0.072645161
860	0.076645161
861	0.081419355
862	0.08683871
863	0.09316129
864	0.100387097
865	0.109032258
866	0.119096774
867	0.130967742
868	0.145032258
869	0.162064516
870	0.182580645
871	0.207612903
872	0.238451613
873	0.276774194
874	0.324387097
875	0.383741935
876	0.456516129
877	0.543354839
878	0.64116129
879	0.741548387
880	0.832129032
881	0.901419355
882	0.946064516
883	0.972387097
884	0.989032258
885	0.999225806
886	1
887	0.986193548
888	0.954709677
889	0.904516129
890	0.836774194
891	0.756516129
892	0.670580645
893	0.584645161
894	0.502709677
895	0.428129032
896	0.362967742
897	0.308
898	0.26283871
899	0.225935484
900	0.196
901	0.171612903
902	0.151354839
903	0.134709677
904	0.120645161
905	0.108774194
906	0.098709677
907	0.090064516
908	0.082451613
909	0.076
910	0.070193548
911	0.06516129
912	0.060645161
913	0.056645161
914	0.053032258
915	0.049935484
916	0.046967742
917	0.044387097
918	0.041935484
919	0.039741935
920	0.037806452
921	0.036
922	0.034322581
923	0.032774194
924	0.031354839
925	0.030064516
926	0.028774194
927	0.027741935
928	0.026709677
929	0.025677419
930	0.024774194
931	0.023870968
932	0.023096774
933	0.022322581
934	0.021677419
935	0.020903226
936	0.020387097
937	0.019741935
938	0.019225806
939	0.018709677
940	0.018193548
941	0.017677419
942	0.017290323
943	0.016774194
944	0.016387097
945	0.016
946	0.015741935
947	0.015354839
948	0.014967742
949	0.014709677
950	0.014451613
951	0.014064516
952	0.013806452
953	0.013548387
954	0.013290323
955	0.01316129
956	0.012903226
957	0.012645161
958	0.012516129
959	0.012258065
960	0.012129032
961	0.011870968
962	0.011741935
963	0.011612903
964	0.011354839
965	0.011225806
966	0.011096774
967	0.010967742
968	0.01083871
969	0.010709677
970	0.010580645
971	0.010451613
972	0.010322581
973	0.010322581
974	0.010193548
975	0.010064516
976	0.009935484
977	0.009935484
978	0.009806452
979	0.009677419
980	0.009677419
981	0.009548387
982	0.009548387
983	0.009419355
984	0.009419355
985	0.009419355
986	0.009290323
987	0.009290323
988	0.009290323
989	0.00916129
990	0.00916129
991	0.00916129
992	0.009032258
993	0.009032258
994	0.009032258
995	0.009032258
996	0.009032258
997	0.009032258
998	0.009032258
999	0.009032258
1000	0.009032258
1001	0.009032258
1002	0.009032258
1003	0.009032258
1004	0.009032258
1005	0.009032258
1006	0.009032258
1007	0.009032258
1008	0.00916129
1009	0.00916129
1010	0.00916129
1011	0.009290323
1012	0.009290323
1013	0.009290323
1014	0.009419355
1015	0.009419355
1016	0.009548387
1017	0.009548387
1018	0.009677419
1019	0.009677419
1020	0.009806452
1021	0.009935484
1022	0.010064516
1023	0.010064516
1024	0.010193548
1025	0.010322581
1026	0.010451613
1027	0.010580645
1028	0.010709677
1029	0.010967742
1030	0.011096774
1031	0.011225806
1032	0.011483871
1033	0.011612903
1034	0.011870968
1035	0.012129032
1036	0.012387097
1037	0.012645161
1038	0.012903226
1039	0.01316129
1040	0.013548387
1041	0.013806452
1042	0.014193548
1043	0.014580645
1044	0.015096774
1045	0.015483871
1046	0.016
1047	0.016516129
1048	0.017032258
1049	0.017677419
1050	0.018451613
1051	0.019096774
1052	0.02
1053	0.020774194
1054	0.021806452
1055	0.02283871
1056	0.024129032
1057	0.025419355
1058	0.026967742
1059	0.028516129
1060	0.030451613
1061	0.032645161
1062	0.035096774
1063	0.037935484
1064	0.04116129
1065	0.045032258
1066	0.049548387
1067	0.054967742
1068	0.061419355
1069	0.06916129
1070	0.078709677
1071	0.090064516
1072	0.103483871
1073	0.118967742
1074	0.136129032
1075	0.154451613
1076	0.173677419
1077	0.193419355
1078	0.213806452
1079	0.235096774
1080	0.25716129
1081	0.279354839
1082	0.300903226
1083	0.32
1084	0.335096774
1085	0.345032258
1086	0.349290323
1087	0.347741935
1088	0.340129032
1089	0.325935484
1090	0.305548387
1091	0.280258065
1092	0.252387097
1093	0.224258065
1094	0.197935484
1095	0.175096774
1096	0.156387097
1097	0.142064516
1098	0.131870968
1099	0.12516129
1100	0.121806452
1101	0.121419355
1102	0.124
1103	0.129806452
1104	0.138967742
1105	0.152129032
1106	0.170193548
1107	0.194322581
1108	0.225935484
1109	0.266193548
1110	0.315741935
1111	0.372774194
1112	0.431354839
1113	0.479741935
1114	0.503870968
1115	0.494709677
1116	0.454967742
1117	0.397419355
1118	0.335870968
1119	0.279612903
1120	0.232129032
1121	0.193806452
1122	0.163225806
1123	0.138967742
1124	0.119612903
1125	0.104129032
1126	0.091612903
1127	0.081419355
1128	0.073032258
1129	0.066064516
1130	0.060129032
1131	0.055225806
1132	0.050967742
1133	0.047483871
1134	0.044387097
1135	0.041677419
1136	0.039354839
1137	0.037419355
1138	0.035612903
1139	0.034064516
1140	0.032774194
1141	0.031612903
1142	0.030580645
1143	0.029806452
1144	0.029032258
1145	0.028387097
1146	0.027870968
1147	0.027354839
1148	0.027096774
1149	0.02683871
1150	0.026580645
1151	0.026451613
1152	0.026451613
1153	0.026451613
1154	0.026580645
1155	0.026709677
1156	0.026967742
1157	0.027354839
1158	0.027741935
1159	0.028258065
1160	0.028774194
1161	0.029419355
1162	0.030193548
1163	0.031096774
1164	0.032129032
1165	0.033290323
1166	0.034580645
1167	0.036
1168	0.037548387
1169	0.039483871
1170	0.041548387
1171	0.044
1172	0.046709677
1173	0.049806452
1174	0.053419355
1175	0.057548387
1176	0.062451613
1177	0.068129032
1178	0.074709677
1179	0.082709677
1180	0.092258065
1181	0.103741935
1182	0.117548387
1183	0.134064516
1184	0.153419355
1185	0.175483871
1186	0.200129032
1187	0.226967742
1188	0.256
1189	0.287354839
1190	0.32116129
1191	0.357419355
1192	0.395870968
1193	0.436
1194	0.477935484
1195	0.52283871
1196	0.571354839
1197	0.622064516
1198	0.670193548
1199	0.707225806
1200	0.725419355
1201	0.719612903
1202	0.689290323
1203	0.637677419
1204	0.571354839
1205	0.497806452
1206	0.424645161
1207	0.357548387
1208	0.299741935
1209	0.252
1210	0.213290323
1211	0.182193548
1212	0.15716129
1213	0.136903226
1214	0.120387097
1215	0.10683871
1216	0.095612903
1217	0.086193548
1218	0.078193548
1219	0.071354839
1220	0.065548387
1221	0.060516129
1222	0.056258065
1223	0.052387097
1224	0.04916129
1225	0.046193548
1226	0.043612903
1227	0.041290323
1228	0.039354839
1229	0.037548387
1230	0.035870968
1231	0.034451613
1232	0.03316129
1233	0.032129032
1234	0.031096774
1235	0.030193548
1236	0.029419355
1237	0.028645161
1238	0.028
1239	0.027483871
1240	0.027096774
1241	0.026709677
1242	0.026322581
1243	0.026064516
1244	0.025806452
1245	0.025677419
1246	0.025677419
1247	0.025548387
1248	0.025677419
1249	0.025677419
1250	0.025806452
1251	0.026064516
1252	0.026322581
1253	0.026580645
1254	0.026967742
1255	0.027483871
1256	0.028
1257	0.028645161
1258	0.029290323
1259	0.030064516
1260	0.030967742
1261	0.032
1262	0.03316129
1263	0.034451613
1264	0.035870968
1265	0.037419355
1266	0.039225806
1267	0.041290323
1268	0.043612903
1269	0.046193548
1270	0.04916129
1271	0.052516129
1272	0.056387097
1273	0.060774194
1274	0.065935484
1275	0.072
1276	0.079096774
1277	0.087483871
1278	0.097548387
1279	0.109677419
1280	0.124387097
1281	0.142451613
1282	0.164774194
1283	0.192516129
1284	0.226322581
1285	0.266967742
1286	0.313548387
1287	0.363354839
1288	0.411483871
1289	0.453290323
1290	0.486193548
1291	0.51083871
1292	0.529935484
1293	0.546193548
1294	0.562064516
1295	0.578709677
1296	0.596516129
1297	0.613677419
1298	0.626322581
1299	0.628258065
1300	0.614064516
1301	0.581548387
1302	0.532774194
1303	0.472903226
1304	0.409032258
1305	0.347483871
1306	0.292903226
1307	0.24683871
1308	0.209032258
1309	0.178709677
1310	0.154193548
1311	0.134451613
1312	0.118451613
1313	0.10516129
1314	0.094322581
1315	0.08516129
1316	0.077548387
1317	0.070967742
1318	0.065419355
1319	0.060645161
1320	0.056516129
1321	0.053032258
1322	0.049806452
1323	0.047096774
1324	0.044774194
1325	0.042580645
1326	0.040774194
1327	0.039096774
1328	0.037677419
1329	0.036516129
1330	0.035354839
1331	0.034451613
1332	0.033548387
1333	0.032903226
1334	0.032258065
1335	0.031741935
1336	0.031354839
1337	0.031096774
1338	0.03083871
1339	0.030709677
1340	0.030709677
1341	0.030709677
1342	0.03083871
1343	0.031096774
1344	0.031483871
1345	0.031870968
1346	0.032387097
1347	0.033032258
1348	0.033806452
1349	0.034709677
1350	0.035741935
1351	0.036903226
1352	0.038322581
1353	0.039870968
1354	0.041677419
1355	0.043870968
1356	0.046193548
1357	0.049032258
1358	0.052387097
1359	0.056129032
1360	0.060645161
1361	0.065935484
1362	0.072258065
1363	0.079741935
1364	0.088903226
1365	0.100129032
1366	0.113806452
1367	0.13083871
1368	0.152
1369	0.178580645
1370	0.211354839
1371	0.251096774
1372	0.296774194
1373	0.345935484
1374	0.393290323
1375	0.432129032
1376	0.455741935
1377	0.459741935
1378	0.444258065
1379	0.413290323
1380	0.37316129
1381	0.329935484
1382	0.288129032
1383	0.250451613
1384	0.218709677
1385	0.19316129
1386	0.173548387
1387	0.159483871
1388	0.150064516
1389	0.144903226
1390	0.143096774
1391	0.144387097
1392	0.148
1393	0.153290323
1394	0.159612903
1395	0.16683871
1396	0.174580645
1397	0.18283871
1398	0.191483871
1399	0.200645161
1400	0.210322581
1401	0.220516129
1402	0.231741935
1403	0.243741935
1404	0.256774194
1405	0.270451613
1406	0.284258065
1407	0.297677419
1408	0.309677419
1409	0.319354839
1410	0.325677419
1411	0.328387097
1412	0.327225806
1413	0.322967742
1414	0.316
1415	0.307225806
1416	0.296774194
1417	0.285677419
1418	0.275225806
1419	0.267096774
1420	0.262580645
1421	0.262580645
1422	0.267096774
1423	0.275483871
1424	0.286193548
1425	0.298064516
1426	0.309935484
1427	0.321290323
1428	0.332258065
1429	0.343870968
1430	0.35716129
1431	0.372903226
1432	0.390967742
1433	0.410193548
1434	0.428903226
1435	0.445419355
1436	0.458580645
1437	0.467870968
1438	0.473677419
1439	0.47716129
1440	0.478193548
1441	0.475354839
1442	0.466193548
1443	0.449290323
1444	0.426064516
1445	0.399870968
1446	0.373419355
1447	0.348516129
1448	0.32516129
1449	0.303483871
1450	0.283096774
1451	0.264
1452	0.246451613
1453	0.230193548
1454	0.215354839
1455	0.201935484
1456	0.189806452
1457	0.179096774
1458	0.169806452
1459	0.162064516
1460	0.155741935
1461	0.150451613
1462	0.146322581
1463	0.14283871
1464	0.139741935
1465	0.136903226
1466	0.133935484
1467	0.130709677
1468	0.127483871
1469	0.124129032
1470	0.120903226
1471	0.118064516
1472	0.115741935
1473	0.114322581
1474	0.113677419
1475	0.114451613
1476	0.116774194
1477	0.121290323
1478	0.128387097
1479	0.13883871
1480	0.15316129
1481	0.171870968
1482	0.195225806
1483	0.22283871
1484	0.253419355
1485	0.285032258
1486	0.315870968
1487	0.344903226
1488	0.371612903
1489	0.394580645
1490	0.412129032
1491	0.420645161
1492	0.416258065
1493	0.396129032
1494	0.361806452
1495	0.318709677
1496	0.273935484
1497	0.232774194
1498	0.197677419
1499	0.16916129
1500	0.146451613
1501	0.128387097
1502	0.114193548
1503	0.102967742
1504	0.093935484
1505	0.08683871
1506	0.081290323
1507	0.076903226
1508	0.073548387
1509	0.071096774
1510	0.069290323
1511	0.068258065
1512	0.067870968
1513	0.068
1514	0.068903226
1515	0.070193548
1516	0.072387097
1517	0.075096774
1518	0.078709677
1519	0.083225806
1520	0.088903226
1521	0.095870968
1522	0.104387097
1523	0.11483871
1524	0.127870968
1525	0.144
1526	0.164129032
1527	0.18916129
1528	0.220258065
1529	0.257806452
1530	0.301677419
1531	0.349677419
1532	0.397806452
1533	0.441419355
1534	0.477548387
1535	0.50516129
1536	0.524645161
1537	0.537677419
1538	0.547354839
1539	0.557290323
1540	0.570451613
1541	0.586967742
1542	0.603612903
1543	0.614193548
1544	0.612903226
1545	0.595225806
1546	0.560387097
1547	0.510580645
1548	0.450709677
1549	0.387870968
1550	0.328387097
1551	0.276387097
1552	0.232903226
1553	0.197548387
1554	0.16916129
1555	0.146193548
1556	0.127612903
1557	0.112387097
1558	0.1
1559	0.089548387
1560	0.080774194
1561	0.073419355
1562	0.067096774
1563	0.061677419
1564	0.056903226
1565	0.052903226
1566	0.049290323
1567	0.046193548
1568	0.043354839
1569	0.040903226
1570	0.038709677
1571	0.036774194
1572	0.035096774
1573	0.033548387
1574	0.032129032
1575	0.03083871
1576	0.029677419
1577	0.028774194
1578	0.027870968
1579	0.026967742
1580	0.026322581
1581	0.025677419
1582	0.02516129
1583	0.024645161
1584	0.024258065
1585	0.023870968
1586	0.023612903
1587	0.023483871
1588	0.023354839
1589	0.023225806
1590	0.023225806
1591	0.023354839
1592	0.023483871
1593	0.023741935
1594	0.024
1595	0.024387097
1596	0.024774194
1597	0.025419355
1598	0.026064516
1599	0.02683871
1600	0.027870968
1601	0.028903226
1602	0.030193548
1603	0.031741935
1604	0.033419355
1605	0.035354839
1606	0.037806452
1607	0.040516129
1608	0.043612903
1609	0.047354839
1610	0.051870968
1611	0.05716129
1612	0.063483871
1613	0.071096774
1614	0.080387097
1615	0.091870968
1616	0.106064516
1617	0.123870968
1618	0.146193548
1619	0.174451613
1620	0.209806452
1621	0.253290323
1622	0.304645161
1623	0.360387097
1624	0.413290323
1625	0.452774194
1626	0.469548387
1627	0.459096774
1628	0.424774194
1629	0.37483871
1630	0.319483871
1631	0.266580645
1632	0.220774194
1633	0.18283871
1634	0.152516129
1635	0.128258065
1636	0.109032258
1637	0.093548387
1638	0.08116129
1639	0.070967742
1640	0.062580645
1641	0.055612903
1642	0.049806452
1643	0.044903226
1644	0.040645161
1645	0.037032258
1646	0.033935484
1647	0.031225806
1648	0.028903226
1649	0.02683871
1650	0.024903226
1651	0.023225806
1652	0.021806452
1653	0.020516129
1654	0.019225806
1655	0.018193548
1656	0.01716129
1657	0.016387097
1658	0.015483871
1659	0.014709677
1660	0.014064516
1661	0.013419355
1662	0.012903226
1663	0.012387097
1664	0.011870968
1665	0.011354839
1666	0.010967742
1667	0.010580645
1668	0.010193548
1669	0.009806452
1670	0.009419355
1671	0.00916129
1672	0.008903226
1673	0.008516129
1674	0.008258065
1675	0.008129032
1676	0.007870968
1677	0.007612903
1678	0.007354839
1679	0.007225806
1680	0.006967742
1681	0.00683871
1682	0.006709677
1683	0.006451613
1684	0.006322581
1685	0.006193548
1686	0.006064516
1687	0.005935484
1688	0.005806452
1689	0.005677419
1690	0.005548387
1691	0.005419355
1692	0.005290323
1693	0.00516129
1694	0.005032258
1695	0.005032258
1696	0.004903226
1697	0.004774194
1698	0.004645161
1699	0.004645161
1700	0.004516129
1701	0.004516129
1702	0.004387097
1703	0.004258065
1704	0.004258065
1705	0.004129032
1706	0.004129032
1707	0.004
1708	0.004
1709	0.003870968
1710	0.003870968
1711	0.003741935
1712	0.003741935
1713	0.003612903
1714	0.003612903
1715	0.003612903
1716	0.003483871
1717	0.003483871
1718	0.003354839
1719	0.003354839
1720	0.003354839
1721	0.003225806
1722	0.003225806
1723	0.003225806
1724	0.003096774
1725	0.003096774
1726	0.003096774
1727	0.002967742
1728	0.002967742
1729	0.002967742
1730	0.002967742
1731	0.00283871
1732	0.00283871
1733	0.00283871
1734	0.002709677
1735	0.002709677
1736	0.002709677
1737	0.002709677
1738	0.002580645
1739	0.002580645
1740	0.002580645
1741	0.002580645
1742	0.002580645
1743	0.002451613
1744	0.002451613
1745	0.002451613
1746	0.002451613
1747	0.002451613
1748	0.002322581
1749	0.002322581
1750	0.002322581
1751	0.002322581
1752	0.002322581
1753	0.002193548
1754	0.002193548
1755	0.002193548
1756	0.002193548
1757	0.002193548
1758	0.002193548
1759	0.002064516
1760	0.002064516
1761	0.002064516
1762	0.002064516
1763	0.002064516
1764	0.002064516
1765	0.002064516
1766	0.001935484
1767	0.001935484
1768	0.001935484
1769	0.001935484
1770	0.001935484
1771	0.001935484
1772	0.001935484
1773	0.001806452
1774	0.001806452
1775	0.001806452
1776	0.001806452
1777	0.001806452
1778	0.001806452
1779	0.001806452
1780	0.001806452
1781	0.001677419
1782	0.001677419
1783	0.001677419
1784	0.001677419
1785	0.001677419
1786	0.001677419
1787	0.001677419
1788	0.001677419
1789	0.001677419
1790	0.001677419
1791	0.001548387
1792	0.001548387
1793	0.001548387
1794	0.001548387
1795	0.001548387
1796	0.001548387
1797	0.001548387
1798	0.001548387
1799	0.001548387
1800	0.001548387
1801	0.001419355
1802	0.001419355
1803	0.001419355
1804	0.001419355
1805	0.001419355
1806	0.001419355
1807	0.001419355
1808	0.001419355
1809	0.001419355
1810	0.001419355
1811	0.001419355
1812	0.001419355
1813	0.001419355
1814	0.001290323
1815	0.001290323
1816	0.001290323
1817	0.001290323
1818	0.001290323
1819	0.001290323
1820	0.001290323
1821	0.001290323
1822	0.001290323
1823	0.001290323
1824	0.001290323
1825	0.001290323
1826	0.001290323
1827	0.001290323
1828	0.00116129
1829	0.00116129
1830	0.00116129
1831	0.00116129
1832	0.00116129
1833	0.00116129
1834	0.00116129
1835	0.00116129
1836	0.00116129
1837	0.00116129
1838	0.00116129
1839	0.00116129
1840	0.00116129
1841	0.00116129
1842	0.00116129
1843	0.00116129
1844	0.00116129
1845	0.001032258
1846	0.001032258
1847	0.001032258
1848	0.001032258
1849	0.001032258
1850	0.001032258
1851	0.001032258
1852	0.001032258
1853	0.001032258
1854	0.001032258
1855	0.001032258
1856	0.001032258
1857	0.001032258
1858	0.001032258
1859	0.001032258
1860	0.001032258
1861	0.001032258
1862	0.001032258
1863	0.001032258
1864	0.001032258
1865	0.001032258
1866	0.000903226
1867	0.000903226
1868	0.000903226
1869	0.000903226
1870	0.000903226
1871	0.000903226
1872	0.000903226
1873	0.000903226
1874	0.000903226
1875	0.000903226
1876	0.000903226
1877	0.000903226
1878	0.000903226
1879	0.000903226
1880	0.000903226
1881	0.000903226
1882	0.000903226
1883	0.000903226
1884	0.000903226
1885	0.000903226
1886	0.000903226
1887	0.000903226
1888	0.000903226
1889	0.000903226
1890	0.000903226
1891	0.000774194
1892	0.000774194
1893	0.000774194
1894	0.000774194
1895	0.000774194
1896	0.000774194
1897	0.000774194
1898	0.000774194
1899	0.000774194
1900	0.000774194
1901	0.000774194
1902	0.000774194
1903	0.000774194
1904	0.000774194
1905	0.000774194
1906	0.000774194
1907	0.000774194
1908	0.000774194
1909	0.000774194
1910	0.000774194
1911	0.000774194
1912	0.000774194
1913	0.000774194
1914	0.000774194
1915	0.000774194
1916	0.000774194
1917	0.000774194
1918	0.000774194
1919	0.000774194
1920	0.000774194
1921	0.000774194
1922	0.000645161
1923	0.000645161
1924	0.000645161
1925	0.000645161
1926	0.000645161
1927	0.000645161
1928	0.000645161
1929	0.000645161
1930	0.000645161
1931	0.000645161
1932	0.000645161
1933	0.000645161
1934	0.000645161
1935	0.000645161
1936	0.000645161
1937	0.000645161
1938	0.000645161
1939	0.000645161
1940	0.000645161
1941	0.000645161
1942	0.000645161
1943	0.000645161
1944	0.000645161
1945	0.000645161
1946	0.000645161
1947	0.000645161
1948	0.000645161
1949	0.000645161
1950	0.000645161
1951	0.000645161
1952	0.000645161
1953	0.000645161
1954	0.000645161
1955	0.000645161
1956	0.000645161
1957	0.000645161
1958	0.000645161
1959	0.000645161
1960	0.000645161
1961	0.000645161
1962	0.000516129
1963	0.000516129
1964	0.000516129
1965	0.000516129
1966	0.000516129
1967	0.000516129
1968	0.000516129
1969	0.000516129
1970	0.000516129
1971	0.000516129
1972	0.000516129
1973	0.000516129
1974	0.000516129
1975	0.000516129
1976	0.000516129
1977	0.000516129
1978	0.000516129
1979	0.000516129
1980	0.000516129
1981	0.000516129
1982	0.000516129
1983	0.000516129
1984	0.000516129
1985	0.000516129
1986	0.000516129
1987	0.000516129
1988	0.000516129
1989	0.000516129
1990	0.000516129
1991	0.000516129
1992	0.000516129
1993	0.000516129
1994	0.000516129
1995	0.000516129
1996	0.000516129
1997	0.000516129
1998	0.000516129
1999	0.000516129
2000	0.000516129
2001	0.000516129
2002	0.000516129
2003	0.000516129
2004	0.000516129
2005	0.000516129
2006	0.000516129
2007	0.000516129
2008	0.000516129
2009	0.000516129
2010	0.000516129
2011	0.000516129
2012	0.000516129
2013	0.000516129
2014	0.000516129
2015	0.000516129
2016	0.000387097
2017	0.000387097
2018	0.000387097
2019	0.000387097
2020	0.000387097
2021	0.000387097
2022	0.000387097
2023	0.000387097
2024	0.000387097
2025	0.000387097
2026	0.000387097
2027	0.000387097
2028	0.000387097
2029	0.000387097
2030	0.000387097
2031	0.000387097
2032	0.000387097
2033	0.000387097
2034	0.000387097
2035	0.000387097
2036	0.000387097
2037	0.000387097
2038	0.000387097
2039	0.000387097
2040	0.000387097
2041	0.000387097
2042	0.000387097
2043	0.000387097
2044	0.000387097
2045	0.000387097
2046	0.000387097
2047	0.000387097
2048	0.000387097
2049	0.000387097
2050	0.000387097
2051	0.000387097
2052	0.000387097
2053	0.000387097
2054	0.000387097
2055	0.000387097
2056	0.000387097
2057	0.000387097
2058	0.000387097
2059	0.000387097
2060	0.000387097
2061	0.000387097
2062	0.000387097
2063	0.000387097
2064	0.000387097
2065	0.000387097
2066	0.000387097
2067	0.000387097
2068	0.000387097
2069	0.000387097
2070	0.000387097
2071	0.000387097
2072	0.000387097
2073	0.000387097
2074	0.000387097
2075	0.000387097
2076	0.000387097
2077	0.000387097
2078	0.000387097
2079	0.000387097
2080	0.000387097
2081	0.000387097
2082	0.000387097
2083	0.000387097
2084	0.000387097
2085	0.000387097
2086	0.000387097
2087	0.000387097
2088	0.000387097
2089	0.000387097
2090	0.000387097
2091	0.000387097
2092	0.000387097
2093	0.000258065
2094	0.000258065
2095	0.000258065
2096	0.000258065
2097	0.000258065
2098	0.000258065
2099	0.000258065
2100	0.000258065
2101	0.000258065
2102	0.000258065
2103	0.000258065
2104	0.000258065
2105	0.000258065
2106	0.000258065
2107	0.000258065
2108	0.000258065
2109	0.000258065
2110	0.000258065
2111	0.000258065
2112	0.000258065
2113	0.000258065
2114	0.000258065
2115	0.000258065
2116	0.000258065
2117	0.000258065
2118	0.000258065
2119	0.000258065
2120	0.000258065
2121	0.000258065
2122	0.000258065
2123	0.000258065
2124	0.000258065
2125	0.000258065
2126	0.000258065
2127	0.000258065
2128	0.000258065
2129	0.000258065
2130	0.000258065
2131	0.000258065
2132	0.000258065
2133	0.000258065
2134	0.000258065
2135	0.000258065
2136	0.000258065
2137	0.000258065
2138	0.000258065
2139	0.000258065
2140	0.000258065
2141	0.000258065
2142	0.000258065
2143	0.000258065
2144	0.000258065
2145	0.000258065
2146	0.000258065
2147	0.000258065
2148	0.000258065
2149	0.000258065
2150	0.000258065
2151	0.000258065
2152	0.000258065
2153	0.000258065
2154	0.000258065
2155	0.000258065
2156	0.000258065
2157	0.000258065
2158	0.000258065
2159	0.000258065
2160	0.000258065
2161	0.000258065
2162	0.000258065
2163	0.000258065
2164	0.000258065
2165	0.000258065
2166	0.000258065
2167	0.000258065
2168	0.000258065
2169	0.000258065
2170	0.000258065
2171	0.000258065
2172	0.000258065
2173	0.000258065
2174	0.000258065
2175	0.000258065
2176	0.000258065
2177	0.000258065
2178	0.000258065
2179	0.000258065
2180	0.000258065
2181	0.000258065
2182	0.000258065
2183	0.000258065
2184	0.000258065
2185	0.000258065
2186	0.000258065
2187	0.000258065
2188	0.000258065
2189	0.000258065
2190	0.000258065
2191	0.000258065
2192	0.000258065
2193	0.000258065
2194	0.000258065
2195	0.000258065
2196	0.000258065
2197	0.000258065
2198	0.000258065
2199	0.000258065
2200	0.000258065
2201	0.000258065
2202	0.000258065
2203	0.000258065
2204	0.000258065
2205	0.000258065
2206	0.000258065
2207	0.000258065
2208	0.000258065
2209	0.000258065
2210	0.000258065
2211	0.000258065
2212	0.000258065
2213	0.000258065
2214	0.000129032
2215	0.000129032
2216	0.000129032
2217	0.000129032
2218	0.000129032
2219	0.000129032
2220	0.000129032
2221	0.000129032
2222	0.000129032
2223	0.000129032
2224	0.000129032
2225	0.000129032
2226	0.000129032
2227	0.000129032
2228	0.000129032
2229	0.000129032
2230	0.000129032
2231	0.000129032
2232	0.000129032
2233	0.000129032
2234	0.000129032
2235	0.000129032
2236	0.000129032
2237	0.000129032
2238	0.000129032
2239	0.000129032
2240	0.000129032
2241	0.000129032
2242	0.000129032
2243	0.000129032
2244	0.000129032
2245	0.000129032
2246	0.000129032
2247	0.000129032
2248	0.000129032
2249	0.000129032
2250	0.000129032
2251	0.000129032
2252	0.000129032
2253	0.000129032
2254	0.000129032
2255	0.000129032
2256	0.000129032
2257	0.000129032
2258	0.000129032
2259	0.000129032
2260	0.000129032
2261	0.000129032
2262	0.000129032
2263	0.000129032
2264	0.000129032
2265	0.000129032
2266	0.000129032
2267	0.000129032
2268	0.000129032
2269	0.000129032
2270	0.000129032
2271	0.000129032
2272	0.000129032
2273	0.000129032
2274	0.000129032
2275	0.000129032
2276	0.000129032
2277	0.000129032
2278	0.000129032
2279	0.000129032
2280	0.000129032
2281	0.000129032
2282	0.000129032
2283	0.000129032
2284	0.000129032
2285	0.000129032
2286	0.000129032
2287	0.000129032
2288	0.000129032
2289	0.000129032
2290	0.000129032
2291	0.000129032
2292	0.000129032
2293	0.000129032
2294	0.000129032
2295	0.000129032
2296	0.000129032
2297	0.000129032
2298	0.000129032
2299	0.000129032
2300	0.000129032
2301	0.000129032
2302	0.000129032
2303	0.000129032
2304	0.000129032
2305	0.000129032
2306	0.000129032
2307	0.000129032
2308	0.000129032
2309	0.000129032
2310	0.000129032
2311	0.000129032
2312	0.000129032
2313	0.000129032
2314	0.000129032
2315	0.000129032
2316	0.000129032
2317	0.000129032
2318	0.000129032
2319	0.000129032
2320	0.000129032
2321	0.000129032
2322	0.000129032
2323	0.000129032
2324	0.000129032
2325	0.000129032
2326	0.000129032
2327	0.000129032
2328	0.000129032
2329	0.000129032
2330	0.000129032
2331	0.000129032
2332	0.000129032
2333	0.000129032
2334	0.000129032
2335	0.000129032
2336	0.000129032
2337	0.000129032
2338	0.000129032
2339	0.000129032
2340	0.000129032
2341	0.000129032
2342	0.000129032
2343	0.000129032
2344	0.000129032
2345	0.000129032
2346	0.000129032
2347	0.000129032
2348	0.000129032
2349	0.000129032
2350	0.000129032
2351	0.000129032
2352	0.000129032
2353	0.000129032
2354	0.000129032
2355	0.000129032
2356	0.000129032
2357	0.000129032
2358	0.000129032
2359	0.000129032
2360	0.000129032
2361	0.000129032
2362	0.000129032
2363	0.000129032
2364	0.000129032
2365	0.000129032
2366	0.000129032
2367	0.000129032
2368	0.000129032
2369	0.000129032
2370	0.000129032
2371	0.000129032
2372	0.000129032
2373	0.000129032
2374	0.000129032
2375	0.000129032
2376	0.000129032
2377	0.000129032
2378	0.000129032
2379	0.000129032
2380	0.000129032
2381	0.000129032
2382	0.000129032
2383	0.000129032
2384	0.000129032
2385	0.000129032
2386	0.000129032
2387	0.000129032
2388	0.000129032
2389	0.000129032
2390	0.000129032
2391	0.000129032
2392	0.000129032
2393	0.000129032
2394	0.000129032
2395	0.000129032
2396	0.000129032
2397	0.000129032
2398	0.000129032
2399	0.000129032
2400	0.000129032
2401	0.000129032
2402	0.000129032
2403	0.000129032
2404	0.000129032
2405	0.000129032
2406	0.000129032
2407	0.000129032
2408	0.000129032
2409	0.000129032
2410	0.000129032
2411	0.000129032
2412	0.000129032
2413	0.000129032
2414	0.000129032
2415	0.000129032
2416	0.000129032
2417	0.000129032
2418	0.000129032
2419	0.000129032
2420	0.000129032
2421	0.000129032
2422	0.000129032
2423	0.000129032
2424	0.000129032
2425	0.000129032
2426	0.000129032
2427	0.000129032
2428	0.000129032
2429	0.000129032
2430	0.000129032
2431	0.000129032
2432	0.000129032
2433	0.000129032
2434	0.000129032
2435	0.000129032
2436	0.000129032
2437	0.000129032
2438	0.000129032
2439	0.000129032
2440	0.000129032
2441	0.000129032
2442	0.000129032
2443	0.000129032
2444	0.000129032
2445	0.000129032
2446	0.000129032
2447	0.000129032
2448	0.000129032
2449	0.000129032
2450	0.000129032
2451	0.000129032
2452	0.000129032
2453	0.000129032
2454	0.000129032
2455	0.000129032
2456	0.000129032
2457	0.000129032
2458	0.000129032
2459	0.000129032
2460	0.000129032
2461	0.000129032
2462	0.000129032
2463	0.000129032
2464	0.000129032
2465	0.000129032
2466	0.000129032
2467	0.000129032
2468	0.000129032
2469	0.000129032
2470	0.000129032
2471	0.000129032
2472	0.000129032
2473	0.000129032
2474	0.000129032
2475	0.000129032
2476	0.000129032
2477	0.000129032
2478	0.000129032
2479	0.000129032
2480	0.000129032
2481	0.000129032
2482	0.000129032
2483	0.000129032
2484	0.000129032
2485	0.000129032
2486	0
2487	0
2488	0
2489	0
2490	0
2491	0
2492	0
2493	0
2494	0
2495	0
2496	0
2497	0
2498	0
2499	0
2500	0
2501	0
2502	0
2503	0
2504	0
2505	0
2506	0
2507	0
2508	0
2509	0
2510	0
2511	0
2512	0
2513	0
2514	0
2515	0
2516	0
2517	0
2518	0
2519	0
2520	0
2521	0
2522	0
2523	0
2524	0
2525	0
2526	0
2527	0
2528	0
2529	0
2530	0
2531	0
2532	0
2533	0
2534	0
2535	0
2536	0
2537	0
2538	0
2539	0
2540	0
2541	0
2542	0
2543	0
2544	0
2545	0
2546	0
2547	0
2548	0
2549	0
2550	0
2551	0
2552	0
2553	0
2554	0
2555	0
2556	0
2557	0
2558	0
2559	0
2560	0
2561	0
2562	0
2563	0
2564	0
2565	0
2566	0
2567	0
2568	0
2569	0
2570	0
2571	0
2572	0
2573	0
2574	0
2575	0
2576	0
2577	0
2578	0
2579	0
2580	0
2581	0
2582	0
2583	0
2584	0
2585	0
2586	0
2587	0
2588	0
2589	0
2590	0
2591	0
2592	0
2593	0
2594	0
2595	0
2596	0
2597	0
2598	0
2599	0
2600	0
2601	0
2602	0
2603	0
2604	0
2605	0
2606	0
2607	0
2608	0
2609	0
2610	0
2611	0
2612	0
2613	0
2614	0
2615	0
2616	0
2617	0
2618	0
2619	0
2620	0
2621	0
2622	0
2623	0
2624	0
2625	0
2626	0
2627	0
2628	0
2629	0
2630	0
2631	0
2632	0
2633	0
2634	0
2635	0
2636	0
2637	0
2638	0
2639	0
2640	0
2641	0
2642	0
2643	0
2644	0
2645	0
2646	0
2647	0
2648	0
2649	0
2650	0
2651	0
2652	0
2653	0
2654	0
2655	0
2656	0
2657	0
2658	0
2659	0
2660	0
2661	0.000129032
2662	0.000129032
2663	0.000129032
2664	0.000129032
2665	0.000129032
2666	0.000129032
2667	0.000129032
2668	0.000129032
2669	0.000129032
2670	0.000129032
2671	0.000129032
2672	0.000129032
2673	0.000129032
2674	0.000129032
2675	0.000129032
2676	0.000129032
2677	0.000129032
2678	0.000129032
2679	0.000129032
2680	0.000129032
2681	0.000129032
2682	0.000129032
2683	0.000129032
2684	0.000129032
2685	0.000129032
2686	0.000129032
2687	0.000129032
2688	0.000129032
2689	0.000129032
2690	0.000129032
2691	0.000129032
2692	0.000129032
2693	0.000129032
2694	0.000129032
2695	0.000129032
2696	0.000129032
2697	0.000129032
2698	0.000129032
2699	0.000129032
2700	0.000129032
2701	0.000129032
2702	0.000129032
2703	0.000129032
2704	0.000129032
2705	0.000129032
2706	0.000129032
2707	0.000129032
2708	0.000129032
2709	0.000129032
2710	0.000129032
2711	0.000129032
2712	0.000129032
2713	0.000129032
2714	0.000129032
2715	0.000129032
2716	0.000129032
2717	0.000129032
2718	0.000129032
2719	0.000129032
2720	0.000129032
2721	0.000129032
2722	0.000129032
2723	0.000129032
2724	0.000129032
2725	0.000129032
2726	0.000129032
2727	0.000129032
2728	0.000129032
2729	0.000129032
2730	0.000129032
2731	0.000129032
2732	0.000129032
2733	0.000129032
2734	0.000129032
2735	0.000129032
2736	0.000129032
2737	0.000129032
2738	0.000129032
2739	0.000129032
2740	0.000129032
2741	0.000129032
2742	0.000129032
2743	0.000129032
2744	0.000129032
2745	0.000129032
2746	0.000129032
2747	0.000129032
2748	0.000129032
2749	0.000129032
2750	0.000129032
2751	0.000129032
2752	0.000129032
2753	0.000129032
2754	0.000129032
2755	0.000129032
2756	0.000129032
2757	0.000129032
2758	0.000129032
2759	0.000129032
2760	0.000129032
2761	0.000129032
2762	0.000129032
2763	0.000129032
2764	0.000129032
2765	0.000129032
2766	0.000129032
2767	0.000129032
2768	0.000129032
2769	0.000129032
2770	0.000129032
2771	0.000129032
2772	0.000129032
2773	0.000129032
2774	0.000129032
2775	0.000129032
2776	0.000129032
2777	0.000129032
2778	0.000129032
2779	0.000129032
2780	0.000129032
2781	0.000129032
2782	0.000129032
2783	0.000129032
2784	0.000129032
2785	0.000129032
2786	0.000129032
2787	0.000129032
2788	0.000129032
2789	0.000129032
2790	0.000129032
2791	0.000129032
2792	0.000129032
2793	0.000129032
2794	0.000129032
2795	0.000129032
2796	0.000129032
2797	0.000129032
2798	0.000129032
2799	0.000129032
2800	0.000129032
2801	0.000129032
2802	0.000129032
2803	0.000129032
2804	0.000129032
2805	0.000129032
2806	0.000129032
2807	0.000129032
2808	0.000129032
2809	0.000129032
2810	0.000129032
2811	0.000129032
2812	0.000129032
2813	0.000129032
2814	0.000129032
2815	0.000129032
2816	0.000129032
2817	0.000129032
2818	0.000129032
2819	0.000129032
2820	0.000129032
2821	0.000129032
2822	0.000129032
2823	0.000258065
2824	0.000258065
2825	0.000258065
2826	0.000258065
2827	0.000258065
2828	0.000258065
2829	0.000258065
2830	0.000258065
2831	0.000258065
2832	0.000258065
2833	0.000258065
2834	0.000258065
2835	0.000258065
2836	0.000258065
2837	0.000258065
2838	0.000258065
2839	0.000258065
2840	0.000258065
2841	0.000258065
2842	0.000258065
2843	0.000258065
2844	0.000258065
2845	0.000258065
2846	0.000258065
2847	0.000258065
2848	0.000258065
2849	0.000258065
2850	0.000258065
2851	0.000258065
2852	0.000258065
2853	0.000258065
2854	0.000258065
2855	0.000258065
2856	0.000258065
2857	0.000258065
2858	0.000258065
2859	0.000258065
2860	0.000258065
2861	0.000258065
2862	0.000258065
2863	0.000258065
2864	0.000258065
2865	0.000258065
2866	0.000258065
2867	0.000258065
2868	0.000258065
2869	0.000258065
2870	0.000258065
2871	0.000258065
2872	0.000258065
2873	0.000258065
2874	0.000258065
2875	0.000258065
2876	0.000387097
2877	0.000387097
2878	0.000387097
2879	0.000387097
2880	0.000387097
2881	0.000387097
2882	0.000387097
2883	0.000387097
2884	0.000387097
2885	0.000387097
2886	0.000387097
2887	0.000387097
2888	0.000387097
2889	0.000387097
2890	0.000387097
2891	0.000387097
2892	0.000387097
2893	0.000387097
2894	0.000387097
2895	0.000387097
2896	0.000387097
2897	0.000387097
2898	0.000387097
2899	0.000387097
2900	0.000387097
2901	0.000387097
2902	0.000387097
2903	0.000387097
2904	0.000387097
2905	0.000387097
2906	0.000387097
2907	0.000516129
2908	0.000516129
2909	0.000516129
2910	0.000516129
2911	0.000516129
2912	0.000516129
2913	0.000516129
2914	0.000516129
2915	0.000516129
2916	0.000516129
2917	0.000516129
2918	0.000516129
2919	0.000516129
2920	0.000516129
2921	0.000516129
2922	0.000516129
2923	0.000516129
2924	0.000516129
2925	0.000516129
2926	0.000516129
2927	0.000516129
2928	0.000516129
2929	0.000645161
2930	0.000645161
2931	0.000645161
2932	0.000645161
2933	0.000645161
2934	0.000645161
2935	0.000645161
2936	0.000645161
2937	0.000645161
2938	0.000645161
2939	0.000645161
2940	0.000645161
2941	0.000645161
2942	0.000645161
2943	0.000645161
2944	0.000645161
2945	0.000774194
2946	0.000774194
2947	0.000774194
2948	0.000774194
2949	0.000774194
2950	0.000774194
2951	0.000774194
2952	0.000774194
2953	0.000774194
2954	0.000774194
2955	0.000774194
2956	0.000774194
2957	0.000903226
2958	0.000903226
2959	0.000903226
2960	0.000903226
2961	0.000903226
2962	0.000903226
2963	0.000903226
2964	0.000903226
2965	0.000903226
2966	0.000903226
2967	0.001032258
2968	0.001032258
2969	0.001032258
2970	0.001032258
2971	0.001032258
2972	0.001032258
2973	0.001032258
2974	0.001032258
2975	0.00116129
2976	0.00116129
2977	0.00116129
2978	0.00116129
2979	0.00116129
2980	0.00116129
2981	0.00116129
2982	0.001290323
2983	0.001290323
2984	0.001290323
2985	0.001290323
2986	0.001290323
2987	0.001290323
2988	0.001419355
2989	0.001419355
2990	0.001419355
2991	0.001419355
2992	0.001419355
2993	0.001419355
2994	0.001548387
2995	0.001548387
2996	0.001548387
2997	0.001548387
2998	0.001548387
2999	0.001677419
3000	0.001677419
3001	0.001677419
3002	0.001677419
3003	0.001806452
3004	0.001806452
3005	0.001806452
3006	0.001806452
3007	0.001935484
3008	0.001935484
3009	0.001935484
3010	0.002064516
3011	0.002064516
3012	0.002064516
3013	0.002193548
3014	0.002193548
3015	0.002193548
3016	0.002322581
3017	0.002322581
3018	0.002322581
3019	0.002451613
3020	0.002451613
3021	0.002580645
3022	0.002580645
3023	0.002709677
3024	0.002709677
3025	0.002709677
3026	0.00283871
3027	0.00283871
3028	0.002967742
3029	0.003096774
3030	0.003096774
3031	0.003225806
3032	0.003225806
3033	0.003354839
3034	0.003483871
3035	0.003483871
3036	0.003612903
3037	0.003741935
3038	0.003741935
3039	0.003870968
3040	0.004
3041	0.004129032
3042	0.004258065
3043	0.004387097
3044	0.004387097
3045	0.004516129
3046	0.004645161
3047	0.004903226
3048	0.005032258
3049	0.00516129
3050	0.005290323
3051	0.005419355
3052	0.005677419
3053	0.005806452
3054	0.006064516
3055	0.006193548
3056	0.006451613
3057	0.006580645
3058	0.00683871
3059	0.007096774
3060	0.007354839
3061	0.007612903
3062	0.007870968
3063	0.008129032
3064	0.008516129
3065	0.008774194
3066	0.00916129
3067	0.009548387
3068	0.009935484
3069	0.010322581
3070	0.01083871
3071	0.011225806
3072	0.011741935
3073	0.012258065
3074	0.012903226
3075	0.013548387
3076	0.014193548
3077	0.01483871
3078	0.015612903
3079	0.016516129
3080	0.017290323
3081	0.018322581
3082	0.019354839
3083	0.020516129
3084	0.021677419
3085	0.023096774
3086	0.024516129
3087	0.026193548
3088	0.027870968
3089	0.029935484
3090	0.032
3091	0.034451613
3092	0.03716129
3093	0.040129032
3094	0.043612903
3095	0.047354839
3096	0.051741935
3097	0.056645161
3098	0.062322581
3099	0.068903226
3100	0.076516129
3101	0.085419355
3102	0.096
3103	0.108387097
3104	0.123354839
3105	0.141419355
3106	0.163354839
3107	0.190451613
3108	0.224258065
3109	0.266451613
3110	0.319870968
3111	0.387483871
3112	0.472258065
3113	0.576129032
3114	0.696645161
3115	0.822064516
3116	0.927483871
3117	0.98
3118	0.959096774
3119	0.873290323
3120	0.753032258
3121	0.628
3122	0.516
3123	0.42283871
3124	0.348
3125	0.288645161
3126	0.241806452
3127	0.204516129
3128	0.174709677
3129	0.150580645
3130	0.130967742
3131	0.114709677
3132	0.10116129
3133	0.089935484
3134	0.080387097
3135	0.072129032
3136	0.06516129
3137	0.059096774
3138	0.053806452
3139	0.049290323
3140	0.04516129
3141	0.041677419
3142	0.038451613
3143	0.035612903
3144	0.033032258
3145	0.03083871
3146	0.028774194
3147	0.02683871
3148	0.02516129
3149	0.023741935
3150	0.022322581
3151	0.021032258
3152	0.019870968
3153	0.018709677
3154	0.017806452
3155	0.016774194
3156	0.016
3157	0.015225806
3158	0.014451613
3159	0.013806452
3160	0.01316129
3161	0.012516129
3162	0.012
3163	0.011483871
3164	0.010967742
3165	0.010580645
3166	0.010064516
3167	0.009677419
3168	0.009290323
3169	0.009032258
3170	0.008645161
3171	0.008258065
3172	0.008
3173	0.007741935
3174	0.007483871
3175	0.007225806
3176	0.006967742
3177	0.006709677
3178	0.006451613
3179	0.006322581
3180	0.006064516
3181	0.005935484
3182	0.005677419
3183	0.005548387
3184	0.005290323
3185	0.00516129
3186	0.005032258
3187	0.004903226
3188	0.004774194
3189	0.004645161
3190	0.004516129
3191	0.004387097
3192	0.004258065
3193	0.004129032
3194	0.004
3195	0.003870968
3196	0.003870968
3197	0.003741935
3198	0.003612903
3199	0.003483871
3200	0.003483871
3201	0.003354839
3202	0.003225806
3203	0.003225806
3204	0.003096774
3205	0.003096774
3206	0.002967742
3207	0.002967742
3208	0.00283871
3209	0.002709677
3210	0.002709677
3211	0.002709677
3212	0.002580645
3213	0.002580645
3214	0.002451613
3215	0.002451613
3216	0.002322581
3217	0.002322581
3218	0.002322581
3219	0.002193548
3220	0.002193548
