v / cm^-1	Intensity / AU
3861	0.000283067
3860	0.000293248
3859	0.000304035
3858	0.000315477
3857	0.000327628
3856	0.000340547
3855	0.000354301
3854	0.000368963
3853	0.000384615
3852	0.000401346
3851	0.000419258
3850	0.000438466
3849	0.000459096
3848	0.000481291
3847	0.000505213
3846	0.000531046
3845	0.000558996
3844	0.000589301
3843	0.000622231
3842	0.000658094
3841	0.000697249
3840	0.000740106
3839	0.000787144
3838	0.000838917
3837	0.000896079
3836	0.000959393
3835	0.001029764
3834	0.001108266
3833	0.001196182
3832	0.001295055
3831	0.001406748
3830	0.001533534
3829	0.001678193
3828	0.001844166
3827	0.002035733
3826	0.002258265
3825	0.002518565
3824	0.002825321
3823	0.003189728
3822	0.003626346
3821	0.004154257
3820	0.004798653
3819	0.005592937
3818	0.006581372
3817	0.007822054
3816	0.009389188
3815	0.011371652
3814	0.013860289
3813	0.016907995
3812	0.020438046
3811	0.024092375
3810	0.027113296
3809	0.028525525
3808	0.027754813
3807	0.025124204
3806	0.021564659
3805	0.017941464
3804	0.014729206
3803	0.012072385
3802	0.009944837
3801	0.008261183
3800	0.006929756
3799	0.005871417
3798	0.005023321
3797	0.004337306
3796	0.003776967
3795	0.00331486
3794	0.002930231
3793	0.002607284
3792	0.002333903
3791	0.00210071
3790	0.001900385
3789	0.00172716
3788	0.001576452
3787	0.001444589
3786	0.001328605
3785	0.001226086
3784	0.001135054
3783	0.001053875
3782	0.000981194
3781	0.000915877
3780	0.000856973
3779	0.000803676
3778	0.000755303
3777	0.00071127
3776	0.000671078
3775	0.000634296
3774	0.000600551
3773	0.000569521
3772	0.000540923
3771	0.000514513
3770	0.000490073
3769	0.000467413
3768	0.000446366
3767	0.000426783
3766	0.000408532
3765	0.000391496
3764	0.00037557
3763	0.000360659
3762	0.000346681
3761	0.000333558
3760	0.000321223
3759	0.000309615
3758	0.000298678
3757	0.000288361
3756	0.000278618
3755	0.000269408
3754	0.000260694
3753	0.000252439
3752	0.000244613
3751	0.000237187
3750	0.000230134
3749	0.000223429
3748	0.00021705
3747	0.000210977
3746	0.00020519
3745	0.000199672
3744	0.000194406
3743	0.000189378
3742	0.000184573
3741	0.000179978
3740	0.000175582
3739	0.000171373
3738	0.000167341
3737	0.000163476
3736	0.00015977
3735	0.000156213
3734	0.000152798
3733	0.000149517
3732	0.000146364
3731	0.000143331
3730	0.000140414
3729	0.000137606
3728	0.000134902
3727	0.000132297
3726	0.000129787
3725	0.000127366
3724	0.000125031
3723	0.000122777
3722	0.000120601
3721	0.0001185
3720	0.00011647
3719	0.000114508
3718	0.000112611
3717	0.000110777
3716	0.000109002
3715	0.000107284
3714	0.00010562
3713	0.00010401
3712	0.000102449
3711	0.000100937
3710	9.95E-05
3709	9.80E-05
3708	9.67E-05
3707	9.53E-05
3706	9.40E-05
3705	9.28E-05
3704	9.16E-05
3703	9.04E-05
3702	8.92E-05
3701	8.81E-05
3700	8.70E-05
3699	8.59E-05
3698	8.49E-05
3697	8.39E-05
3696	8.29E-05
3695	8.20E-05
3694	8.11E-05
3693	8.02E-05
3692	7.93E-05
3691	7.84E-05
3690	7.76E-05
3689	7.68E-05
3688	7.60E-05
3687	7.52E-05
3686	7.45E-05
3685	7.38E-05
3684	7.30E-05
3683	7.23E-05
3682	7.17E-05
3681	7.10E-05
3680	7.04E-05
3679	6.97E-05
3678	6.91E-05
3677	6.85E-05
3676	6.79E-05
3675	6.74E-05
3674	6.68E-05
3673	6.63E-05
3672	6.57E-05
3671	6.52E-05
3670	6.47E-05
3669	6.42E-05
3668	6.37E-05
3667	6.32E-05
3666	6.28E-05
3665	6.23E-05
3664	6.19E-05
3663	6.14E-05
3662	6.10E-05
3661	6.06E-05
3660	6.02E-05
3659	5.98E-05
3658	5.94E-05
3657	5.90E-05
3656	5.86E-05
3655	5.83E-05
3654	5.79E-05
3653	5.76E-05
3652	5.72E-05
3651	5.69E-05
3650	5.66E-05
3649	5.62E-05
3648	5.59E-05
3647	5.56E-05
3646	5.53E-05
3645	5.50E-05
3644	5.47E-05
3643	5.44E-05
3642	5.42E-05
3641	5.39E-05
3640	5.36E-05
3639	5.34E-05
3638	5.31E-05
3637	5.28E-05
3636	5.26E-05
3635	5.24E-05
3634	5.21E-05
3633	5.19E-05
3632	5.17E-05
3631	5.14E-05
3630	5.12E-05
3629	5.10E-05
3628	5.08E-05
3627	5.06E-05
3626	5.04E-05
3625	5.02E-05
3624	5.00E-05
3623	4.98E-05
3622	4.96E-05
3621	4.94E-05
3620	4.92E-05
3619	4.90E-05
3618	4.89E-05
3617	4.87E-05
3616	4.85E-05
3615	4.84E-05
3614	4.82E-05
3613	4.80E-05
3612	4.79E-05
3611	4.77E-05
3610	4.76E-05
3609	4.74E-05
3608	4.73E-05
3607	4.72E-05
3606	4.70E-05
3605	4.69E-05
3604	4.67E-05
3603	4.66E-05
3602	4.65E-05
3601	4.64E-05
3600	4.62E-05
3599	4.61E-05
3598	4.60E-05
3597	4.59E-05
3596	4.58E-05
3595	4.56E-05
3594	4.55E-05
3593	4.54E-05
3592	4.53E-05
3591	4.52E-05
3590	4.51E-05
3589	4.50E-05
3588	4.49E-05
3587	4.48E-05
3586	4.47E-05
3585	4.46E-05
3584	4.45E-05
3583	4.44E-05
3582	4.44E-05
3581	4.43E-05
3580	4.42E-05
3579	4.41E-05
3578	4.40E-05
3577	4.39E-05
3576	4.39E-05
3575	4.38E-05
3574	4.37E-05
3573	4.36E-05
3572	4.36E-05
3571	4.35E-05
3570	4.34E-05
3569	4.34E-05
3568	4.33E-05
3567	4.32E-05
3566	4.32E-05
3565	4.31E-05
3564	4.30E-05
3563	4.30E-05
3562	4.29E-05
3561	4.29E-05
3560	4.28E-05
3559	4.28E-05
3558	4.27E-05
3557	4.27E-05
3556	4.26E-05
3555	4.26E-05
3554	4.25E-05
3553	4.25E-05
3552	4.24E-05
3551	4.24E-05
3550	4.23E-05
3549	4.23E-05
3548	4.22E-05
3547	4.22E-05
3546	4.22E-05
3545	4.21E-05
3544	4.21E-05
3543	4.20E-05
3542	4.20E-05
3541	4.20E-05
3540	4.19E-05
3539	4.19E-05
3538	4.19E-05
3537	4.18E-05
3536	4.18E-05
3535	4.18E-05
3534	4.18E-05
3533	4.17E-05
3532	4.17E-05
3531	4.17E-05
3530	4.17E-05
3529	4.16E-05
3528	4.16E-05
3527	4.16E-05
3526	4.16E-05
3525	4.15E-05
3524	4.15E-05
3523	4.15E-05
3522	4.15E-05
3521	4.15E-05
3520	4.14E-05
3519	4.14E-05
3518	4.14E-05
3517	4.14E-05
3516	4.14E-05
3515	4.14E-05
3514	4.14E-05
3513	4.14E-05
3512	4.13E-05
3511	4.13E-05
3510	4.13E-05
3509	4.13E-05
3508	4.13E-05
3507	4.13E-05
3506	4.13E-05
3505	4.13E-05
3504	4.13E-05
3503	4.13E-05
3502	4.13E-05
3501	4.13E-05
3500	4.13E-05
3499	4.13E-05
3498	4.13E-05
3497	4.13E-05
3496	4.13E-05
3495	4.13E-05
3494	4.13E-05
3493	4.13E-05
3492	4.13E-05
3491	4.13E-05
3490	4.13E-05
3489	4.13E-05
3488	4.13E-05
3487	4.13E-05
3486	4.13E-05
3485	4.13E-05
3484	4.13E-05
3483	4.13E-05
3482	4.13E-05
3481	4.13E-05
3480	4.13E-05
3479	4.14E-05
3478	4.14E-05
3477	4.14E-05
3476	4.14E-05
3475	4.14E-05
3474	4.14E-05
3473	4.14E-05
3472	4.14E-05
3471	4.15E-05
3470	4.15E-05
3469	4.15E-05
3468	4.15E-05
3467	4.15E-05
3466	4.15E-05
3465	4.16E-05
3464	4.16E-05
3463	4.16E-05
3462	4.16E-05
3461	4.16E-05
3460	4.17E-05
3459	4.17E-05
3458	4.17E-05
3457	4.17E-05
3456	4.18E-05
3455	4.18E-05
3454	4.18E-05
3453	4.18E-05
3452	4.19E-05
3451	4.19E-05
3450	4.19E-05
3449	4.19E-05
3448	4.20E-05
3447	4.20E-05
3446	4.20E-05
3445	4.20E-05
3444	4.21E-05
3443	4.21E-05
3442	4.21E-05
3441	4.22E-05
3440	4.22E-05
3439	4.22E-05
3438	4.23E-05
3437	4.23E-05
3436	4.23E-05
3435	4.24E-05
3434	4.24E-05
3433	4.24E-05
3432	4.25E-05
3431	4.25E-05
3430	4.26E-05
3429	4.26E-05
3428	4.26E-05
3427	4.27E-05
3426	4.27E-05
3425	4.28E-05
3424	4.28E-05
3423	4.28E-05
3422	4.29E-05
3421	4.29E-05
3420	4.30E-05
3419	4.30E-05
3418	4.31E-05
3417	4.31E-05
3416	4.32E-05
3415	4.32E-05
3414	4.33E-05
3413	4.33E-05
3412	4.34E-05
3411	4.34E-05
3410	4.35E-05
3409	4.35E-05
3408	4.36E-05
3407	4.36E-05
3406	4.37E-05
3405	4.37E-05
3404	4.38E-05
3403	4.38E-05
3402	4.39E-05
3401	4.39E-05
3400	4.40E-05
3399	4.40E-05
3398	4.41E-05
3397	4.42E-05
3396	4.42E-05
3395	4.43E-05
3394	4.43E-05
3393	4.44E-05
3392	4.45E-05
3391	4.45E-05
3390	4.46E-05
3389	4.47E-05
3388	4.47E-05
3387	4.48E-05
3386	4.49E-05
3385	4.49E-05
3384	4.50E-05
3383	4.51E-05
3382	4.51E-05
3381	4.52E-05
3380	4.53E-05
3379	4.54E-05
3378	4.54E-05
3377	4.55E-05
3376	4.56E-05
3375	4.57E-05
3374	4.57E-05
3373	4.58E-05
3372	4.59E-05
3371	4.60E-05
3370	4.61E-05
3369	4.61E-05
3368	4.62E-05
3367	4.63E-05
3366	4.64E-05
3365	4.65E-05
3364	4.66E-05
3363	4.67E-05
3362	4.68E-05
3361	4.68E-05
3360	4.69E-05
3359	4.70E-05
3358	4.71E-05
3357	4.72E-05
3356	4.73E-05
3355	4.74E-05
3354	4.75E-05
3353	4.76E-05
3352	4.77E-05
3351	4.78E-05
3350	4.79E-05
3349	4.80E-05
3348	4.81E-05
3347	4.82E-05
3346	4.83E-05
3345	4.85E-05
3344	4.86E-05
3343	4.87E-05
3342	4.88E-05
3341	4.89E-05
3340	4.90E-05
3339	4.92E-05
3338	4.93E-05
3337	4.94E-05
3336	4.95E-05
3335	4.96E-05
3334	4.98E-05
3333	4.99E-05
3332	5.00E-05
3331	5.02E-05
3330	5.03E-05
3329	5.04E-05
3328	5.06E-05
3327	5.07E-05
3326	5.08E-05
3325	5.10E-05
3324	5.11E-05
3323	5.13E-05
3322	5.14E-05
3321	5.16E-05
3320	5.17E-05
3319	5.19E-05
3318	5.20E-05
3317	5.22E-05
3316	5.24E-05
3315	5.25E-05
3314	5.27E-05
3313	5.29E-05
3312	5.30E-05
3311	5.32E-05
3310	5.34E-05
3309	5.36E-05
3308	5.38E-05
3307	5.39E-05
3306	5.41E-05
3305	5.43E-05
3304	5.45E-05
3303	5.47E-05
3302	5.49E-05
3301	5.51E-05
3300	5.53E-05
3299	5.55E-05
3298	5.57E-05
3297	5.59E-05
3296	5.62E-05
3295	5.64E-05
3294	5.66E-05
3293	5.68E-05
3292	5.71E-05
3291	5.73E-05
3290	5.76E-05
3289	5.78E-05
3288	5.81E-05
3287	5.83E-05
3286	5.86E-05
3285	5.88E-05
3284	5.91E-05
3283	5.94E-05
3282	5.96E-05
3281	5.99E-05
3280	6.02E-05
3279	6.05E-05
3278	6.08E-05
3277	6.11E-05
3276	6.14E-05
3275	6.17E-05
3274	6.21E-05
3273	6.24E-05
3272	6.27E-05
3271	6.31E-05
3270	6.34E-05
3269	6.38E-05
3268	6.41E-05
3267	6.45E-05
3266	6.49E-05
3265	6.53E-05
3264	6.56E-05
3263	6.60E-05
3262	6.65E-05
3261	6.69E-05
3260	6.73E-05
3259	6.77E-05
3258	6.82E-05
3257	6.86E-05
3256	6.91E-05
3255	6.96E-05
3254	7.01E-05
3253	7.06E-05
3252	7.11E-05
3251	7.16E-05
3250	7.21E-05
3249	7.27E-05
3248	7.32E-05
3247	7.38E-05
3246	7.44E-05
3245	7.50E-05
3244	7.56E-05
3243	7.62E-05
3242	7.69E-05
3241	7.75E-05
3240	7.82E-05
3239	7.89E-05
3238	7.96E-05
3237	8.04E-05
3236	8.11E-05
3235	8.19E-05
3234	8.27E-05
3233	8.35E-05
3232	8.44E-05
3231	8.52E-05
3230	8.61E-05
3229	8.70E-05
3228	8.80E-05
3227	8.90E-05
3226	9.00E-05
3225	9.10E-05
3224	9.21E-05
3223	9.32E-05
3222	9.43E-05
3221	9.55E-05
3220	9.67E-05
3219	9.79E-05
3218	9.92E-05
3217	0.000100576
3216	0.000101959
3215	0.000103391
3214	0.000104873
3213	0.000106409
3212	0.000108
3211	0.00010965
3210	0.000111361
3209	0.000113138
3208	0.000114982
3207	0.000116898
3206	0.00011889
3205	0.000120963
3204	0.000123119
3203	0.000125365
3202	0.000127706
3201	0.000130146
3200	0.000132693
3199	0.000135352
3198	0.00013813
3197	0.000141035
3196	0.000144076
3195	0.00014726
3194	0.000150597
3193	0.000154097
3192	0.000157773
3191	0.000161635
3190	0.000165698
3189	0.000169976
3188	0.000174484
3187	0.00017924
3186	0.000184263
3185	0.000189574
3184	0.000195197
3183	0.000201156
3182	0.00020748
3181	0.0002142
3180	0.000221352
3179	0.000228973
3178	0.000237107
3177	0.000245803
3176	0.000255114
3175	0.000265102
3174	0.000275837
3173	0.000287395
3172	0.000299867
3171	0.000313353
3170	0.000327969
3169	0.000343849
3168	0.000361146
3167	0.000380037
3166	0.00040073
3165	0.000423465
3164	0.000448527
3163	0.00047625
3162	0.000507031
3161	0.000541345
3160	0.000579761
3159	0.000622969
3158	0.000671805
3157	0.0007273
3156	0.000790722
3155	0.000863656
3154	0.00094809
3153	0.001046546
3152	0.001162249
3151	0.00129936
3150	0.0014633
3149	0.001661184
3148	0.001902413
3147	0.002199446
3146	0.002568749
3145	0.003031785
3144	0.003615521
3143	0.004351072
3142	0.005267106
3141	0.006371485
3140	0.00761297
3139	0.008827372
3138	0.009719678
3137	0.009978864
3136	0.009505721
3135	0.008502262
3134	0.007298378
3133	0.00614623
3132	0.005163549
3131	0.00437504
3130	0.00376319
3129	0.003298594
3128	0.002953103
3127	0.00270404
3126	0.002534768
3125	0.002434113
3124	0.002395635
3123	0.002417107
3122	0.002500279
3121	0.002650886
3120	0.002878727
3119	0.00319734
3118	0.003622228
3117	0.004165566
3116	0.004824959
3115	0.005567971
3114	0.006327769
3113	0.007033359
3112	0.007654373
3111	0.008182175
3110	0.008543264
3109	0.00857548
3108	0.008153035
3107	0.007330507
3106	0.006311255
3105	0.00529715
3104	0.004402181
3103	0.003660418
3102	0.003063351
3101	0.002587595
3100	0.002208356
3099	0.001904262
3098	0.001658317
3097	0.001457459
3096	0.001291782
3095	0.001153785
3094	0.001037771
3093	0.000939383
3092	0.000855261
3091	0.000782792
3090	0.000719924
3089	0.000665031
3088	0.000616815
3087	0.000574229
3086	0.000536422
3085	0.000502698
3084	0.000472484
3083	0.000445302
3082	0.000420754
3081	0.000398507
3080	0.000378276
3079	0.000359823
3078	0.00034294
3077	0.000327453
3076	0.000313208
3075	0.000300074
3074	0.000287937
3073	0.000276696
3072	0.000266264
3071	0.000256565
3070	0.000247529
3069	0.000239096
3068	0.000231214
3067	0.000223835
3066	0.000216916
3065	0.000210419
3064	0.00020431
3063	0.000198559
3062	0.000193137
3061	0.00018802
3060	0.000183185
3059	0.000178612
3058	0.000174281
3057	0.000170177
3056	0.000166282
3055	0.000162584
3054	0.000159068
3053	0.000155724
3052	0.00015254
3051	0.000149506
3050	0.000146613
3049	0.000143852
3048	0.000141215
3047	0.000138695
3046	0.000136285
3045	0.00013398
3044	0.000131772
3043	0.000129657
3042	0.000127629
3041	0.000125685
3040	0.000123819
3039	0.000122027
3038	0.000120305
3037	0.000118651
3036	0.00011706
3035	0.00011553
3034	0.000114057
3033	0.000112638
3032	0.000111272
3031	0.000109956
3030	0.000108686
3029	0.000107462
3028	0.000106281
3027	0.000105142
3026	0.000104041
3025	0.000102979
3024	0.000101952
3023	0.00010096
3022	0.000100001
3021	9.91E-05
3020	9.82E-05
3019	9.73E-05
3018	9.65E-05
3017	9.57E-05
3016	9.49E-05
3015	9.41E-05
3014	9.34E-05
3013	9.26E-05
3012	9.20E-05
3011	9.13E-05
3010	9.06E-05
3009	9.00E-05
3008	8.94E-05
3007	8.88E-05
3006	8.82E-05
3005	8.77E-05
3004	8.71E-05
3003	8.66E-05
3002	8.61E-05
3001	8.56E-05
3000	8.51E-05
2999	8.46E-05
2998	8.42E-05
2997	8.37E-05
2996	8.33E-05
2995	8.29E-05
2994	8.24E-05
2993	8.21E-05
2992	8.17E-05
2991	8.13E-05
2990	8.09E-05
2989	8.06E-05
2988	8.02E-05
2987	7.99E-05
2986	7.96E-05
2985	7.92E-05
2984	7.89E-05
2983	7.86E-05
2982	7.83E-05
2981	7.81E-05
2980	7.78E-05
2979	7.75E-05
2978	7.72E-05
2977	7.70E-05
2976	7.67E-05
2975	7.65E-05
2974	7.63E-05
2973	7.60E-05
2972	7.58E-05
2971	7.56E-05
2970	7.54E-05
2969	7.52E-05
2968	7.50E-05
2967	7.48E-05
2966	7.46E-05
2965	7.44E-05
2964	7.42E-05
2963	7.41E-05
2962	7.39E-05
2961	7.37E-05
2960	7.36E-05
2959	7.34E-05
2958	7.32E-05
2957	7.31E-05
2956	7.30E-05
2955	7.28E-05
2954	7.27E-05
2953	7.25E-05
2952	7.24E-05
2951	7.23E-05
2950	7.22E-05
2949	7.21E-05
2948	7.19E-05
2947	7.18E-05
2946	7.17E-05
2945	7.16E-05
2944	7.15E-05
2943	7.14E-05
2942	7.13E-05
2941	7.12E-05
2940	7.11E-05
2939	7.10E-05
2938	7.10E-05
2937	7.09E-05
2936	7.08E-05
2935	7.07E-05
2934	7.07E-05
2933	7.06E-05
2932	7.05E-05
2931	7.04E-05
2930	7.04E-05
2929	7.03E-05
2928	7.03E-05
2927	7.02E-05
2926	7.01E-05
2925	7.01E-05
2924	7.00E-05
2923	7.00E-05
2922	6.99E-05
2921	6.99E-05
2920	6.99E-05
2919	6.98E-05
2918	6.98E-05
2917	6.97E-05
2916	6.97E-05
2915	6.97E-05
2914	6.96E-05
2913	6.96E-05
2912	6.96E-05
2911	6.95E-05
2910	6.95E-05
2909	6.95E-05
2908	6.95E-05
2907	6.94E-05
2906	6.94E-05
2905	6.94E-05
2904	6.94E-05
2903	6.94E-05
2902	6.94E-05
2901	6.93E-05
2900	6.93E-05
2899	6.93E-05
2898	6.93E-05
2897	6.93E-05
2896	6.93E-05
2895	6.93E-05
2894	6.93E-05
2893	6.93E-05
2892	6.93E-05
2891	6.93E-05
2890	6.93E-05
2889	6.93E-05
2888	6.93E-05
2887	6.93E-05
2886	6.93E-05
2885	6.93E-05
2884	6.93E-05
2883	6.93E-05
2882	6.93E-05
2881	6.94E-05
2880	6.94E-05
2879	6.94E-05
2878	6.94E-05
2877	6.94E-05
2876	6.94E-05
2875	6.94E-05
2874	6.95E-05
2873	6.95E-05
2872	6.95E-05
2871	6.95E-05
2870	6.95E-05
2869	6.96E-05
2868	6.96E-05
2867	6.96E-05
2866	6.96E-05
2865	6.97E-05
2864	6.97E-05
2863	6.97E-05
2862	6.97E-05
2861	6.98E-05
2860	6.98E-05
2859	6.98E-05
2858	6.99E-05
2857	6.99E-05
2856	6.99E-05
2855	7.00E-05
2854	7.00E-05
2853	7.00E-05
2852	7.01E-05
2851	7.01E-05
2850	7.01E-05
2849	7.02E-05
2848	7.02E-05
2847	7.03E-05
2846	7.03E-05
2845	7.03E-05
2844	7.04E-05
2843	7.04E-05
2842	7.05E-05
2841	7.05E-05
2840	7.06E-05
2839	7.06E-05
2838	7.06E-05
2837	7.07E-05
2836	7.07E-05
2835	7.08E-05
2834	7.08E-05
2833	7.09E-05
2832	7.09E-05
2831	7.10E-05
2830	7.10E-05
2829	7.11E-05
2828	7.11E-05
2827	7.12E-05
2826	7.12E-05
2825	7.13E-05
2824	7.13E-05
2823	7.14E-05
2822	7.15E-05
2821	7.15E-05
2820	7.16E-05
2819	7.16E-05
2818	7.17E-05
2817	7.17E-05
2816	7.18E-05
2815	7.19E-05
2814	7.19E-05
2813	7.20E-05
2812	7.20E-05
2811	7.21E-05
2810	7.22E-05
2809	7.22E-05
2808	7.23E-05
2807	7.24E-05
2806	7.24E-05
2805	7.25E-05
2804	7.25E-05
2803	7.26E-05
2802	7.27E-05
2801	7.27E-05
2800	7.28E-05
2799	7.29E-05
2798	7.29E-05
2797	7.30E-05
2796	7.31E-05
2795	7.31E-05
2794	7.32E-05
2793	7.33E-05
2792	7.34E-05
2791	7.34E-05
2790	7.35E-05
2789	7.36E-05
2788	7.36E-05
2787	7.37E-05
2786	7.38E-05
2785	7.39E-05
2784	7.39E-05
2783	7.40E-05
2782	7.41E-05
2781	7.42E-05
2780	7.42E-05
2779	7.43E-05
2778	7.44E-05
2777	7.45E-05
2776	7.45E-05
2775	7.46E-05
2774	7.47E-05
2773	7.48E-05
2772	7.49E-05
2771	7.49E-05
2770	7.50E-05
2769	7.51E-05
2768	7.52E-05
2767	7.53E-05
2766	7.53E-05
2765	7.54E-05
2764	7.55E-05
2763	7.56E-05
2762	7.57E-05
2761	7.58E-05
2760	7.58E-05
2759	7.59E-05
2758	7.60E-05
2757	7.61E-05
2756	7.62E-05
2755	7.63E-05
2754	7.64E-05
2753	7.64E-05
2752	7.65E-05
2751	7.66E-05
2750	7.67E-05
2749	7.68E-05
2748	7.69E-05
2747	7.70E-05
2746	7.71E-05
2745	7.72E-05
2744	7.72E-05
2743	7.73E-05
2742	7.74E-05
2741	7.75E-05
2740	7.76E-05
2739	7.77E-05
2738	7.78E-05
2737	7.79E-05
2736	7.80E-05
2735	7.81E-05
2734	7.82E-05
2733	7.83E-05
2732	7.84E-05
2731	7.85E-05
2730	7.86E-05
2729	7.87E-05
2728	7.88E-05
2727	7.89E-05
2726	7.89E-05
2725	7.90E-05
2724	7.91E-05
2723	7.92E-05
2722	7.93E-05
2721	7.94E-05
2720	7.95E-05
2719	7.96E-05
2718	7.97E-05
2717	7.98E-05
2716	7.99E-05
2715	8.01E-05
2714	8.02E-05
2713	8.03E-05
2712	8.04E-05
2711	8.05E-05
2710	8.06E-05
2709	8.07E-05
2708	8.08E-05
2707	8.09E-05
2706	8.10E-05
2705	8.11E-05
2704	8.12E-05
2703	8.13E-05
2702	8.14E-05
2701	8.15E-05
2700	8.16E-05
2699	8.17E-05
2698	8.18E-05
2697	8.20E-05
2696	8.21E-05
2695	8.22E-05
2694	8.23E-05
2693	8.24E-05
2692	8.25E-05
2691	8.26E-05
2690	8.27E-05
2689	8.28E-05
2688	8.30E-05
2687	8.31E-05
2686	8.32E-05
2685	8.33E-05
2684	8.34E-05
2683	8.35E-05
2682	8.36E-05
2681	8.38E-05
2680	8.39E-05
2679	8.40E-05
2678	8.41E-05
2677	8.42E-05
2676	8.43E-05
2675	8.45E-05
2674	8.46E-05
2673	8.47E-05
2672	8.48E-05
2671	8.49E-05
2670	8.50E-05
2669	8.52E-05
2668	8.53E-05
2667	8.54E-05
2666	8.55E-05
2665	8.57E-05
2664	8.58E-05
2663	8.59E-05
2662	8.60E-05
2661	8.61E-05
2660	8.63E-05
2659	8.64E-05
2658	8.65E-05
2657	8.66E-05
2656	8.68E-05
2655	8.69E-05
2654	8.70E-05
2653	8.71E-05
2652	8.73E-05
2651	8.74E-05
2650	8.75E-05
2649	8.77E-05
2648	8.78E-05
2647	8.79E-05
2646	8.80E-05
2645	8.82E-05
2644	8.83E-05
2643	8.84E-05
2642	8.86E-05
2641	8.87E-05
2640	8.88E-05
2639	8.90E-05
2638	8.91E-05
2637	8.92E-05
2636	8.94E-05
2635	8.95E-05
2634	8.96E-05
2633	8.98E-05
2632	8.99E-05
2631	9.00E-05
2630	9.02E-05
2629	9.03E-05
2628	9.04E-05
2627	9.06E-05
2626	9.07E-05
2625	9.09E-05
2624	9.10E-05
2623	9.11E-05
2622	9.13E-05
2621	9.14E-05
2620	9.16E-05
2619	9.17E-05
2618	9.18E-05
2617	9.20E-05
2616	9.21E-05
2615	9.23E-05
2614	9.24E-05
2613	9.25E-05
2612	9.27E-05
2611	9.28E-05
2610	9.30E-05
2609	9.31E-05
2608	9.33E-05
2607	9.34E-05
2606	9.36E-05
2605	9.37E-05
2604	9.39E-05
2603	9.40E-05
2602	9.42E-05
2601	9.43E-05
2600	9.45E-05
2599	9.46E-05
2598	9.48E-05
2597	9.49E-05
2596	9.51E-05
2595	9.52E-05
2594	9.54E-05
2593	9.55E-05
2592	9.57E-05
2591	9.58E-05
2590	9.60E-05
2589	9.61E-05
2588	9.63E-05
2587	9.64E-05
2586	9.66E-05
2585	9.67E-05
2584	9.69E-05
2583	9.71E-05
2582	9.72E-05
2581	9.74E-05
2580	9.75E-05
2579	9.77E-05
2578	9.79E-05
2577	9.80E-05
2576	9.82E-05
2575	9.83E-05
2574	9.85E-05
2573	9.87E-05
2572	9.88E-05
2571	9.90E-05
2570	9.92E-05
2569	9.93E-05
2568	9.95E-05
2567	9.96E-05
2566	9.98E-05
2565	1.00E-04
2564	0.000100144
2563	0.000100311
2562	0.000100479
2561	0.000100647
2560	0.000100816
2559	0.000100985
2558	0.000101155
2557	0.000101325
2556	0.000101496
2555	0.000101667
2554	0.000101839
2553	0.000102011
2552	0.000102184
2551	0.000102357
2550	0.000102531
2549	0.000102706
2548	0.000102881
2547	0.000103056
2546	0.000103232
2545	0.000103409
2544	0.000103586
2543	0.000103764
2542	0.000103942
2541	0.000104121
2540	0.0001043
2539	0.00010448
2538	0.00010466
2537	0.000104841
2536	0.000105023
2535	0.000105205
2534	0.000105387
2533	0.000105571
2532	0.000105754
2531	0.000105939
2530	0.000106124
2529	0.000106309
2528	0.000106495
2527	0.000106682
2526	0.000106869
2525	0.000107057
2524	0.000107245
2523	0.000107434
2522	0.000107624
2521	0.000107814
2520	0.000108004
2519	0.000108196
2518	0.000108388
2517	0.00010858
2516	0.000108773
2515	0.000108967
2514	0.000109161
2513	0.000109356
2512	0.000109551
2511	0.000109747
2510	0.000109944
2509	0.000110141
2508	0.000110339
2507	0.000110538
2506	0.000110737
2505	0.000110937
2504	0.000111137
2503	0.000111338
2502	0.00011154
2501	0.000111742
2500	0.000111945
2499	0.000112149
2498	0.000112353
2497	0.000112558
2496	0.000112763
2495	0.000112969
2494	0.000113176
2493	0.000113383
2492	0.000113591
2491	0.0001138
2490	0.000114009
2489	0.000114219
2488	0.00011443
2487	0.000114642
2486	0.000114854
2485	0.000115066
2484	0.00011528
2483	0.000115494
2482	0.000115708
2481	0.000115924
2480	0.00011614
2479	0.000116357
2478	0.000116574
2477	0.000116792
2476	0.000117011
2475	0.000117231
2474	0.000117451
2473	0.000117672
2472	0.000117893
2471	0.000118116
2470	0.000118339
2469	0.000118562
2468	0.000118787
2467	0.000119012
2466	0.000119238
2465	0.000119465
2464	0.000119692
2463	0.00011992
2462	0.000120149
2461	0.000120379
2460	0.000120609
2459	0.00012084
2458	0.000121072
2457	0.000121304
2456	0.000121537
2455	0.000121772
2454	0.000122006
2453	0.000122242
2452	0.000122478
2451	0.000122715
2450	0.000122953
2449	0.000123192
2448	0.000123431
2447	0.000123671
2446	0.000123912
2445	0.000124154
2444	0.000124397
2443	0.00012464
2442	0.000124884
2441	0.000125129
2440	0.000125375
2439	0.000125621
2438	0.000125869
2437	0.000126117
2436	0.000126366
2435	0.000126616
2434	0.000126866
2433	0.000127118
2432	0.00012737
2431	0.000127623
2430	0.000127877
2429	0.000128132
2428	0.000128387
2427	0.000128644
2426	0.000128901
2425	0.000129159
2424	0.000129418
2423	0.000129678
2422	0.000129939
2421	0.0001302
2420	0.000130463
2419	0.000130726
2418	0.000130991
2417	0.000131256
2416	0.000131522
2415	0.000131789
2414	0.000132056
2413	0.000132325
2412	0.000132595
2411	0.000132865
2410	0.000133137
2409	0.000133409
2408	0.000133682
2407	0.000133957
2406	0.000134232
2405	0.000134508
2404	0.000134785
2403	0.000135063
2402	0.000135342
2401	0.000135621
2400	0.000135902
2399	0.000136184
2398	0.000136467
2397	0.00013675
2396	0.000137035
2395	0.00013732
2394	0.000137607
2393	0.000137895
2392	0.000138183
2391	0.000138473
2390	0.000138763
2389	0.000139055
2388	0.000139347
2387	0.000139641
2386	0.000139935
2385	0.000140231
2384	0.000140528
2383	0.000140825
2382	0.000141124
2381	0.000141424
2380	0.000141724
2379	0.000142026
2378	0.000142329
2377	0.000142633
2376	0.000142938
2375	0.000143244
2374	0.000143551
2373	0.000143859
2372	0.000144169
2371	0.000144479
2370	0.00014479
2369	0.000145103
2368	0.000145417
2367	0.000145731
2366	0.000146047
2365	0.000146364
2364	0.000146682
2363	0.000147002
2362	0.000147322
2361	0.000147644
2360	0.000147966
2359	0.00014829
2358	0.000148615
2357	0.000148941
2356	0.000149269
2355	0.000149597
2354	0.000149927
2353	0.000150258
2352	0.00015059
2351	0.000150923
2350	0.000151257
2349	0.000151593
2348	0.00015193
2347	0.000152268
2346	0.000152607
2345	0.000152948
2344	0.000153289
2343	0.000153632
2342	0.000153977
2341	0.000154322
2340	0.000154669
2339	0.000155017
2338	0.000155366
2337	0.000155717
2336	0.000156069
2335	0.000156422
2334	0.000156776
2333	0.000157132
2332	0.000157489
2331	0.000157848
2330	0.000158207
2329	0.000158568
2328	0.000158931
2327	0.000159294
2326	0.000159659
2325	0.000160026
2324	0.000160394
2323	0.000160763
2322	0.000161133
2321	0.000161505
2320	0.000161879
2319	0.000162253
2318	0.00016263
2317	0.000163007
2316	0.000163386
2315	0.000163767
2314	0.000164148
2313	0.000164532
2312	0.000164916
2311	0.000165303
2310	0.00016569
2309	0.000166079
2308	0.00016647
2307	0.000166862
2306	0.000167256
2305	0.000167651
2304	0.000168047
2303	0.000168445
2302	0.000168845
2301	0.000169246
2300	0.000169649
2299	0.000170053
2298	0.000170459
2297	0.000170866
2296	0.000171275
2295	0.000171686
2294	0.000172098
2293	0.000172512
2292	0.000172927
2291	0.000173344
2290	0.000173763
2289	0.000174183
2288	0.000174605
2287	0.000175028
2286	0.000175454
2285	0.000175881
2284	0.000176309
2283	0.000176739
2282	0.000177171
2281	0.000177605
2280	0.00017804
2279	0.000178477
2278	0.000178916
2277	0.000179357
2276	0.000179799
2275	0.000180243
2274	0.000180689
2273	0.000181136
2272	0.000181586
2271	0.000182037
2270	0.00018249
2269	0.000182945
2268	0.000183401
2267	0.00018386
2266	0.00018432
2265	0.000184782
2264	0.000185246
2263	0.000185712
2262	0.00018618
2261	0.00018665
2260	0.000187122
2259	0.000187595
2258	0.000188071
2257	0.000188548
2256	0.000189028
2255	0.000189509
2254	0.000189992
2253	0.000190478
2252	0.000190965
2251	0.000191454
2250	0.000191946
2249	0.000192439
2248	0.000192934
2247	0.000193432
2246	0.000193932
2245	0.000194433
2244	0.000194937
2243	0.000195443
2242	0.000195951
2241	0.000196461
2240	0.000196973
2239	0.000197487
2238	0.000198004
2237	0.000198523
2236	0.000199044
2235	0.000199567
2234	0.000200092
2233	0.00020062
2232	0.000201149
2231	0.000201681
2230	0.000202216
2229	0.000202752
2228	0.000203291
2227	0.000203832
2226	0.000204376
2225	0.000204922
2224	0.00020547
2223	0.000206021
2222	0.000206573
2221	0.000207129
2220	0.000207687
2219	0.000208247
2218	0.000208809
2217	0.000209374
2216	0.000209942
2215	0.000210512
2214	0.000211084
2213	0.000211659
2212	0.000212237
2211	0.000212817
2210	0.000213399
2209	0.000213984
2208	0.000214572
2207	0.000215162
2206	0.000215755
2205	0.000216351
2204	0.000216949
2203	0.00021755
2202	0.000218154
2201	0.00021876
2200	0.000219369
2199	0.000219981
2198	0.000220595
2197	0.000221212
2196	0.000221832
2195	0.000222455
2194	0.000223081
2193	0.000223709
2192	0.00022434
2191	0.000224974
2190	0.000225611
2189	0.000226251
2188	0.000226894
2187	0.00022754
2186	0.000228189
2185	0.00022884
2184	0.000229495
2183	0.000230153
2182	0.000230814
2181	0.000231478
2180	0.000232144
2179	0.000232814
2178	0.000233488
2177	0.000234164
2176	0.000234843
2175	0.000235526
2174	0.000236212
2173	0.0002369
2172	0.000237593
2171	0.000238288
2170	0.000238987
2169	0.000239689
2168	0.000240394
2167	0.000241103
2166	0.000241815
2165	0.00024253
2164	0.000243249
2163	0.000243972
2162	0.000244697
2161	0.000245427
2160	0.000246159
2159	0.000246896
2158	0.000247635
2157	0.000248379
2156	0.000249126
2155	0.000249876
2154	0.00025063
2153	0.000251388
2152	0.00025215
2151	0.000252915
2150	0.000253684
2149	0.000254457
2148	0.000255233
2147	0.000256014
2146	0.000256798
2145	0.000257586
2144	0.000258378
2143	0.000259174
2142	0.000259974
2141	0.000260777
2140	0.000261585
2139	0.000262397
2138	0.000263213
2137	0.000264033
2136	0.000264857
2135	0.000265685
2134	0.000266518
2133	0.000267354
2132	0.000268195
2131	0.00026904
2130	0.00026989
2129	0.000270744
2128	0.000271602
2127	0.000272464
2126	0.000273331
2125	0.000274202
2124	0.000275078
2123	0.000275958
2122	0.000276843
2121	0.000277732
2120	0.000278626
2119	0.000279525
2118	0.000280428
2117	0.000281336
2116	0.000282249
2115	0.000283167
2114	0.000284089
2113	0.000285016
2112	0.000285948
2111	0.000286885
2110	0.000287827
2109	0.000288774
2108	0.000289726
2107	0.000290683
2106	0.000291645
2105	0.000292612
2104	0.000293584
2103	0.000294562
2102	0.000295545
2101	0.000296533
2100	0.000297526
2099	0.000298525
2098	0.000299529
2097	0.000300539
2096	0.000301554
2095	0.000302575
2094	0.000303601
2093	0.000304633
2092	0.000305671
2091	0.000306714
2090	0.000307763
2089	0.000308817
2088	0.000309878
2087	0.000310945
2086	0.000312017
2085	0.000313095
2084	0.00031418
2083	0.00031527
2082	0.000316367
2081	0.000317469
2080	0.000318578
2079	0.000319693
2078	0.000320815
2077	0.000321943
2076	0.000323077
2075	0.000324217
2074	0.000325365
2073	0.000326518
2072	0.000327679
2071	0.000328846
2070	0.000330019
2069	0.0003312
2068	0.000332387
2067	0.000333581
2066	0.000334782
2065	0.00033599
2064	0.000337205
2063	0.000338427
2062	0.000339657
2061	0.000340893
2060	0.000342137
2059	0.000343388
2058	0.000344647
2057	0.000345913
2056	0.000347187
2055	0.000348468
2054	0.000349756
2053	0.000351053
2052	0.000352357
2051	0.000353669
2050	0.000354989
2049	0.000356317
2048	0.000357653
2047	0.000358997
2046	0.000360349
2045	0.00036171
2044	0.000363079
2043	0.000364456
2042	0.000365842
2041	0.000367236
2040	0.000368638
2039	0.00037005
2038	0.00037147
2037	0.000372899
2036	0.000374337
2035	0.000375784
2034	0.00037724
2033	0.000378705
2032	0.000380179
2031	0.000381663
2030	0.000383156
2029	0.000384658
2028	0.00038617
2027	0.000387691
2026	0.000389223
2025	0.000390764
2024	0.000392315
2023	0.000393876
2022	0.000395447
2021	0.000397028
2020	0.000398619
2019	0.000400221
2018	0.000401833
2017	0.000403456
2016	0.000405089
2015	0.000406733
2014	0.000408388
2013	0.000410054
2012	0.000411731
2011	0.000413419
2010	0.000415118
2009	0.000416828
2008	0.00041855
2007	0.000420284
2006	0.000422029
2005	0.000423786
2004	0.000425555
2003	0.000427335
2002	0.000429128
2001	0.000430933
2000	0.000432751
1999	0.000434581
1998	0.000436423
1997	0.000438278
1996	0.000440146
1995	0.000442027
1994	0.000443921
1993	0.000445828
1992	0.000447748
1991	0.000449682
1990	0.00045163
1989	0.000453591
1988	0.000455566
1987	0.000457555
1986	0.000459558
1985	0.000461575
1984	0.000463607
1983	0.000465653
1982	0.000467714
1981	0.00046979
1980	0.000471881
1979	0.000473987
1978	0.000476109
1977	0.000478245
1976	0.000480398
1975	0.000482566
1974	0.00048475
1973	0.00048695
1972	0.000489167
1971	0.0004914
1970	0.000493649
1969	0.000495915
1968	0.000498199
1967	0.000500499
1966	0.000502817
1965	0.000505152
1964	0.000507505
1963	0.000509876
1962	0.000512264
1961	0.000514672
1960	0.000517097
1959	0.000519541
1958	0.000522004
1957	0.000524487
1956	0.000526988
1955	0.000529509
1954	0.000532049
1953	0.00053461
1952	0.00053719
1951	0.000539791
1950	0.000542413
1949	0.000545055
1948	0.000547718
1947	0.000550403
1946	0.000553109
1945	0.000555837
1944	0.000558587
1943	0.000561359
1942	0.000564154
1941	0.000566971
1940	0.000569811
1939	0.000572675
1938	0.000575562
1937	0.000578474
1936	0.000581409
1935	0.000584368
1934	0.000587353
1933	0.000590362
1932	0.000593396
1931	0.000596456
1930	0.000599542
1929	0.000602654
1928	0.000605793
1927	0.000608958
1926	0.00061215
1925	0.00061537
1924	0.000618618
1923	0.000621894
1922	0.000625198
1921	0.000628531
1920	0.000631893
1919	0.000635285
1918	0.000638707
1917	0.000642159
1916	0.000645641
1915	0.000649155
1914	0.0006527
1913	0.000656277
1912	0.000659886
1911	0.000663527
1910	0.000667202
1909	0.00067091
1908	0.000674652
1907	0.000678429
1906	0.00068224
1905	0.000686087
1904	0.000689969
1903	0.000693887
1902	0.000697842
1901	0.000701834
1900	0.000705864
1899	0.000709932
1898	0.000714038
1897	0.000718184
1896	0.000722369
1895	0.000726595
1894	0.000730861
1893	0.000735169
1892	0.000739518
1891	0.00074391
1890	0.000748345
1889	0.000752824
1888	0.000757347
1887	0.000761915
1886	0.000766528
1885	0.000771188
1884	0.000775894
1883	0.000780648
1882	0.00078545
1881	0.000790301
1880	0.000795202
1879	0.000800153
1878	0.000805154
1877	0.000810208
1876	0.000815314
1875	0.000820473
1874	0.000825687
1873	0.000830955
1872	0.000836279
1871	0.00084166
1870	0.000847098
1869	0.000852594
1868	0.000858149
1867	0.000863765
1866	0.000869442
1865	0.00087518
1864	0.000880981
1863	0.000886847
1862	0.000892777
1861	0.000898773
1860	0.000904836
1859	0.000910967
1858	0.000917167
1857	0.000923437
1856	0.000929779
1855	0.000936193
1854	0.00094268
1853	0.000949243
1852	0.000955882
1851	0.000962598
1850	0.000969393
1849	0.000976267
1848	0.000983224
1847	0.000990262
1846	0.000997385
1845	0.001004593
1844	0.001011889
1843	0.001019273
1842	0.001026746
1841	0.001034312
1840	0.00104197
1839	0.001049724
1838	0.001057574
1837	0.001065522
1836	0.00107357
1835	0.00108172
1834	0.001089974
1833	0.001098333
1832	0.001106799
1831	0.001115375
1830	0.001124062
1829	0.001132863
1828	0.00114178
1827	0.001150814
1826	0.001159968
1825	0.001169245
1824	0.001178646
1823	0.001188174
1822	0.001197832
1821	0.001207622
1820	0.001217546
1819	0.001227608
1818	0.00123781
1817	0.001248155
1816	0.001258645
1815	0.001269284
1814	0.001280074
1813	0.00129102
1812	0.001302123
1811	0.001313387
1810	0.001324816
1809	0.001336413
1808	0.001348182
1807	0.001360126
1806	0.001372249
1805	0.001384555
1804	0.001397047
1803	0.001409731
1802	0.001422609
1801	0.001435687
1800	0.001448969
1799	0.001462459
1798	0.001476163
1797	0.001490084
1796	0.001504229
1795	0.001518602
1794	0.001533208
1793	0.001548053
1792	0.001563143
1791	0.001578484
1790	0.00159408
1789	0.00160994
1788	0.001626068
1787	0.001642472
1786	0.001659159
1785	0.001676135
1784	0.001693408
1783	0.001710985
1782	0.001728874
1781	0.001747083
1780	0.001765621
1779	0.001784495
1778	0.001803715
1777	0.001823291
1776	0.001843231
1775	0.001863545
1774	0.001884244
1773	0.001905338
1772	0.001926838
1771	0.001948755
1770	0.001971102
1769	0.00199389
1768	0.002017133
1767	0.002040843
1766	0.002065034
1765	0.00208972
1764	0.002114916
1763	0.002140638
1762	0.002166902
1761	0.002193723
1760	0.00222112
1759	0.00224911
1758	0.002277712
1757	0.002306946
1756	0.002336832
1755	0.002367392
1754	0.002398647
1753	0.002430622
1752	0.002463339
1751	0.002496825
1750	0.002531106
1749	0.002566209
1748	0.002602164
1747	0.002639001
1746	0.002676752
1745	0.00271545
1744	0.00275513
1743	0.002795829
1742	0.002837586
1741	0.00288044
1740	0.002924434
1739	0.002969614
1738	0.003016026
1737	0.003063721
1736	0.003112749
1735	0.003163168
1734	0.003215034
1733	0.00326841
1732	0.003323361
1731	0.003379956
1730	0.003438267
1729	0.003498373
1728	0.003560354
1727	0.003624299
1726	0.0036903
1725	0.003758455
1724	0.00382887
1723	0.003901655
1722	0.00397693
1721	0.004054823
1720	0.00413547
1719	0.004219015
1718	0.004305616
1717	0.004395439
1716	0.004488665
1715	0.004585486
1714	0.004686112
1713	0.004790767
1712	0.004899693
1711	0.005013152
1710	0.00513143
1709	0.005254833
1708	0.005383698
1707	0.005518389
1706	0.005659303
1705	0.005806875
1704	0.005961581
1703	0.006123941
1702	0.006294529
1701	0.006473975
1700	0.006662977
1699	0.006862305
1698	0.007072814
1697	0.007295454
1696	0.007531284
1695	0.007781489
1694	0.008047397
1693	0.008330501
1692	0.008632486
1691	0.008955259
1690	0.009300985
1689	0.009672136
1688	0.010071537
1687	0.010502437
1686	0.010968584
1685	0.011474325
1684	0.012024721
1683	0.012625699
1682	0.013284233
1681	0.014008576
1680	0.014808554
1679	0.015695938
1678	0.01668492
1677	0.017792733
1676	0.019040459
1675	0.020454085
1674	0.022065909
1673	0.023916416
1672	0.026056805
1671	0.028552419
1670	0.031487417
1669	0.034971177
1668	0.039147039
1667	0.044204139
1666	0.05039303
1665	0.058045142
1664	0.067593839
1663	0.079588258
1662	0.094674643
1661	0.113483418
1660	0.136296491
1659	0.162318559
1658	0.188559594
1657	0.209196323
1656	0.217419821
1655	0.210108763
1654	0.19059469
1653	0.165735059
1652	0.141283917
1651	0.120156673
1650	0.103113937
1649	0.089873478
1648	0.079824218
1647	0.072349754
1646	0.06693773
1645	0.063198264
1644	0.060851648
1643	0.059709972
1642	0.059661434
1641	0.060659782
1640	0.062719314
1639	0.06591541
1638	0.07039074
1637	0.076367627
1636	0.084167151
1635	0.094234869
1634	0.107170097
1633	0.123746889
1632	0.144892481
1631	0.171538674
1630	0.204170892
1629	0.241815871
1628	0.280423196
1627	0.311755252
1626	0.325666896
1625	0.316794647
1624	0.289253384
1623	0.252987538
1622	0.216802221
1621	0.1853611
1620	0.16000747
1619	0.140423574
1618	0.125743982
1617	0.115072958
1616	0.107663316
1615	0.102945401
1614	0.100497299
1613	0.099992498
1612	0.101148995
1611	0.103725346
1610	0.107607754
1609	0.112923633
1608	0.120037748
1607	0.129447463
1606	0.141724892
1605	0.157551628
1604	0.177798405
1603	0.203611379
1602	0.236488506
1601	0.278322582
1600	0.33135298
1599	0.397883522
1598	0.479397178
1597	0.574339708
1596	0.674132851
1595	0.759654152
1594	0.80519383
1593	0.794378985
1592	0.734456884
1591	0.650037156
1590	0.564875382
1589	0.491858214
1588	0.433519633
1587	0.386016091
1586	0.343411443
1585	0.301809948
1584	0.261179737
1583	0.223630004
1582	0.190893281
1581	0.1634497
1580	0.140888372
1579	0.122448648
1578	0.10734474
1577	0.094894754
1576	0.084548255
1575	0.075874414
1574	0.068539685
1573	0.062286049
1572	0.056913022
1571	0.05226372
1570	0.04821435
1569	0.044666378
1568	0.041540685
1567	0.038773204
1566	0.036311635
1565	0.034112956
1564	0.032141521
1563	0.030367596
1562	0.028766221
1561	0.027316319
1560	0.025999992
1559	0.024801965
1558	0.023709135
1557	0.022710213
1556	0.021795434
1555	0.02095631
1554	0.020185445
1553	0.019476365
1552	0.018823386
1551	0.018221506
1550	0.017666308
1549	0.017153879
1548	0.016680751
1547	0.016243837
1546	0.015840389
1545	0.015467952
1544	0.015124333
1543	0.01480757
1542	0.014515904
1541	0.014247761
1540	0.014001726
1539	0.013776533
1538	0.013571048
1537	0.013384254
1536	0.013215243
1535	0.013063207
1534	0.012927427
1533	0.012807267
1532	0.012702168
1531	0.012611643
1530	0.012535273
1529	0.012472701
1528	0.01242363
1527	0.012387823
1526	0.012365096
1525	0.012355319
1524	0.012358418
1523	0.01237437
1522	0.012403202
1521	0.012444999
1520	0.012499897
1519	0.012568089
1518	0.012649825
1517	0.012745417
1516	0.01285524
1515	0.012979736
1514	0.013119424
1513	0.013274897
1512	0.013446838
1511	0.013636022
1510	0.013843329
1509	0.014069751
1508	0.014316412
1507	0.014584575
1506	0.014875665
1505	0.01519129
1504	0.015533263
1503	0.015903633
1502	0.016304718
1501	0.016739147
1500	0.017209907
1499	0.017720405
1498	0.018274533
1497	0.018876756
1496	0.019532213
1495	0.020246844
1494	0.021027544
1493	0.021882351
1492	0.022820686
1491	0.023853646
1490	0.024994378
1489	0.026258551
1488	0.027664962
1487	0.029236312
1486	0.031000218
1485	0.032990537
1484	0.035249108
1483	0.037828083
1482	0.040793046
1481	0.044227226
1480	0.048237249
1479	0.052960978
1478	0.058578248
1477	0.065325454
1476	0.073515023
1475	0.08356032
1474	0.096004458
1473	0.111545226
1472	0.131031906
1471	0.155371559
1470	0.185207962
1469	0.22014426
1468	0.257356695
1467	0.290232773
1466	0.309363808
1465	0.3079333
1464	0.28742552
1463	0.25629183
1462	0.223440081
1461	0.194208027
1460	0.170491454
1459	0.152308449
1458	0.138992476
1457	0.129765086
1456	0.12394815
1455	0.121024675
1454	0.120642952
1453	0.122603066
1452	0.12684283
1451	0.133430479
1450	0.142567195
1449	0.154601252
1448	0.170055673
1447	0.189671996
1446	0.214473057
1445	0.245846233
1444	0.28564153
1443	0.33625723
1442	0.400628718
1441	0.48190297
1440	0.582321356
1439	0.700507967
1438	0.826613535
1437	0.937486285
1436	1
1435	0.989855638
1434	0.911843679
1433	0.795526636
1432	0.672403066
1431	0.561521411
1430	0.469700713
1429	0.396924375
1428	0.340599209
1427	0.297711176
1426	0.265649754
1425	0.242420242
1424	0.226630391
1423	0.217416892
1422	0.214366781
1421	0.217431671
1420	0.22678538
1419	0.242511089
1418	0.263935634
1417	0.28851673
1416	0.310866836
1415	0.323800725
1414	0.322715251
1413	0.309655398
1412	0.291744069
1411	0.276202119
1410	0.267633755
1409	0.268306556
1408	0.279248665
1407	0.300796308
1406	0.33219965
1405	0.370243898
1404	0.407524956
1403	0.432642325
1402	0.434912494
1401	0.411420017
1400	0.369136472
1399	0.319548337
1398	0.271952331
1397	0.23102352
1396	0.197924158
1395	0.172099081
1394	0.152440188
1393	0.137777182
1392	0.126954078
1391	0.1187202
1390	0.111694697
1389	0.104684994
1388	0.097227074
1387	0.089675306
1386	0.082676926
1385	0.076680578
1384	0.071837792
1383	0.068115906
1382	0.065415685
1381	0.063637104
1380	0.062706473
1379	0.062585009
1378	0.063270981
1377	0.064801149
1376	0.067254033
1375	0.070756332
1374	0.075493504
1373	0.081725668
1372	0.089810093
1371	0.10023126
1370	0.113637698
1369	0.130878835
1368	0.153018901
1367	0.18126547
1366	0.216667611
1365	0.259311237
1364	0.306709752
1363	0.351722107
1362	0.3823464
1361	0.387059112
1360	0.36364008
1359	0.321178938
1358	0.272450328
1357	0.226525982
1356	0.18733034
1355	0.155459682
1354	0.130071485
1353	0.109951693
1352	0.093958066
1351	0.081151026
1350	0.070799529
1349	0.062347848
1348	0.055376711
1347	0.049569595
1346	0.044686345
1345	0.040543411
1344	0.036999306
1343	0.033943987
1342	0.031291087
1341	0.028972212
1340	0.026932735
1339	0.025128659
1338	0.02352427
1337	0.022090356
1336	0.020802854
1335	0.019641811
1334	0.018590573
1333	0.017635155
1332	0.01676375
1331	0.015966331
1330	0.015234345
1329	0.014560453
1328	0.013938337
1327	0.013362527
1326	0.012828272
1325	0.012331429
1324	0.011868368
1323	0.011435902
1322	0.011031219
1321	0.010651833
1320	0.010295538
1319	0.00996037
1318	0.009644576
1317	0.009346589
1316	0.009065001
1315	0.008798547
1314	0.008546086
1313	0.008306586
1312	0.008079114
1311	0.007862822
1310	0.007656939
1309	0.007460762
1308	0.007273651
1307	0.007095019
1306	0.006924329
1305	0.006761087
1304	0.006604841
1303	0.006455173
1302	0.0063117
1301	0.006174065
1300	0.006041941
1299	0.005915024
1298	0.005793032
1297	0.005675705
1296	0.0055628
1295	0.005454092
1294	0.00534937
1293	0.005248439
1292	0.005151117
1291	0.005057234
1290	0.004966631
1289	0.004879159
1288	0.00479468
1287	0.004713064
1286	0.004634191
1285	0.004557945
1284	0.004484222
1283	0.004412922
1282	0.004343951
1281	0.004277224
1280	0.004212659
1279	0.004150179
1278	0.004089716
1277	0.004031202
1276	0.003974578
1275	0.003919786
1274	0.003866775
1273	0.003815498
1272	0.00376591
1271	0.003717974
1270	0.003671653
1269	0.003626917
1268	0.00358374
1267	0.003542098
1266	0.003501975
1265	0.003463358
1264	0.003426237
1263	0.003390609
1262	0.003356477
1261	0.003323849
1260	0.00329274
1259	0.003263172
1258	0.003235174
1257	0.003208784
1256	0.003184051
1255	0.003161035
1254	0.003139808
1253	0.003120457
1252	0.003103086
1251	0.003087819
1250	0.003074803
1249	0.003064214
1248	0.003056257
1247	0.003051179
1246	0.003049271
1245	0.003050883
1244	0.003056432
1243	0.003066418
1242	0.003081446
1241	0.003102248
1240	0.003129717
1239	0.003164951
1238	0.003209302
1237	0.003264455
1236	0.003332524
1235	0.003416177
1234	0.003518819
1233	0.003644829
1232	0.003799885
1231	0.00399142
1230	0.004229222
1229	0.004526259
1228	0.00489971
1227	0.005372176
1226	0.005972719
1225	0.006736728
1224	0.007702001
1223	0.008895343
1222	0.010300173
1221	0.011799
1220	0.013117639
1219	0.013868281
1218	0.013774081
1217	0.012902522
1216	0.011604395
1215	0.010241047
1214	0.00901737
1213	0.007991296
1212	0.007150826
1211	0.006473682
1210	0.005943651
1209	0.005540616
1208	0.0052297
1207	0.004961137
1206	0.004686688
1205	0.004385405
1204	0.004070625
1203	0.003769266
1202	0.003500459
1201	0.003270527
1200	0.0030775
1199	0.00291612
1198	0.002780677
1197	0.002666119
1196	0.00256833
1195	0.002484059
1194	0.002410775
1193	0.002346503
1192	0.002289699
1191	0.002239143
1190	0.002193868
1189	0.002153093
1188	0.002116189
1187	0.002082642
1186	0.002052026
1185	0.002023991
1184	0.001998242
1183	0.001974534
1182	0.001952657
1181	0.001932435
1180	0.001913717
1179	0.001896373
1178	0.001880294
1177	0.001865384
1176	0.00185156
1175	0.001838753
1174	0.001826901
1173	0.001815952
1172	0.001805861
1171	0.00179659
1170	0.001788107
1169	0.001780385
1168	0.001773401
1167	0.001767138
1166	0.001761583
1165	0.001756725
1164	0.001752559
1163	0.001749083
1162	0.001746297
1161	0.001744207
1160	0.001742819
1159	0.001742145
1158	0.001742201
1157	0.001743005
1156	0.001744581
1155	0.001746953
1154	0.001750156
1153	0.001754224
1152	0.001759199
1151	0.001765129
1150	0.001772067
1149	0.001780077
1148	0.001789225
1147	0.001799593
1146	0.001811268
1145	0.001824352
1144	0.00183896
1143	0.001855221
1142	0.001873286
1141	0.001893323
1140	0.001915527
1139	0.001940122
1138	0.001967365
1137	0.001997555
1136	0.002031038
1135	0.00206822
1134	0.002109574
1133	0.002155661
1132	0.002207145
1131	0.002264815
1130	0.002329622
1129	0.002402713
1128	0.002485481
1127	0.002579638
1126	0.002687293
1125	0.002811077
1124	0.002954296
1123	0.003121139
1122	0.003316967
1121	0.003548706
1120	0.003825376
1119	0.004158825
1118	0.004564697
1117	0.005063686
1116	0.00568301
1115	0.006457753
1114	0.007430975
1113	0.00864967
1112	0.010150084
1111	0.011921066
1110	0.01383623
1109	0.015580506
1108	0.016681382
1107	0.016763661
1106	0.01585962
1105	0.01438507
1104	0.012815443
1103	0.011456218
1102	0.010430873
1101	0.009754249
1100	0.009388648
1099	0.009261393
1098	0.009259665
1097	0.009238941
1096	0.009081528
1095	0.008772676
1094	0.008399739
1093	0.008074288
1092	0.00787273
1091	0.00783116
1090	0.007964137
1089	0.008281808
1088	0.008800065
1087	0.009546248
1086	0.010563111
1085	0.011912387
1084	0.013677554
1083	0.015962898
1082	0.018880761
1081	0.022509139
1080	0.026789877
1079	0.031348282
1078	0.035318447
1077	0.037478399
1076	0.036953587
1075	0.033948647
1074	0.029561444
1073	0.024940095
1072	0.020769228
1071	0.017287611
1070	0.014486999
1069	0.012266403
1068	0.010509331
1067	0.009112798
1066	0.007994194
1065	0.007089926
1064	0.006351845
1063	0.005743641
1062	0.005237865
1061	0.004813643
1060	0.004454976
1059	0.004149496
1058	0.003887553
1057	0.003661554
1056	0.003465469
1055	0.00329447
1054	0.00314466
1053	0.003012871
1052	0.002896505
1051	0.002793421
1050	0.002701843
1049	0.002620286
1048	0.002547502
1047	0.002482441
1046	0.002424209
1045	0.002372046
1044	0.002325299
1043	0.00228341
1042	0.002245895
1041	0.002212338
1040	0.002182374
1039	0.002155688
1038	0.002132005
1037	0.002111084
1036	0.002092714
1035	0.002076709
1034	0.002062907
1033	0.002051166
1032	0.002041359
1031	0.002033378
1030	0.002027124
1029	0.002022515
1028	0.002019477
1027	0.002017946
1026	0.002017867
1025	0.002019193
1024	0.002021886
1023	0.002025913
1022	0.002031249
1021	0.002037872
1020	0.002045768
1019	0.00205493
1018	0.002065353
1017	0.002077038
1016	0.002089994
1015	0.00210423
1014	0.002119764
1013	0.00213662
1012	0.002154823
1011	0.00217441
1010	0.002195418
1009	0.002217897
1008	0.002241901
1007	0.002267494
1006	0.002294749
1005	0.002323753
1004	0.002354605
1003	0.002387422
1002	0.002422341
1001	0.002459526
1000	0.002499174
999	0.002541524
998	0.00258687
997	0.002635579
996	0.002688107
995	0.002745022
994	0.002807006
993	0.002874822
992	0.002949158
991	0.003030217
990	0.00311692
989	0.003205923
988	0.003291658
987	0.003369121
986	0.003438061
985	0.003503562
984	0.003572214
983	0.003648754
982	0.003735568
981	0.003833618
980	0.003943353
979	0.004065217
978	0.004199883
977	0.004348356
976	0.004512032
975	0.004692763
974	0.00489294
973	0.005115616
972	0.005364689
971	0.005645144
970	0.005963399
969	0.006327774
968	0.006749122
967	0.007241638
966	0.007823822
965	0.008519361
964	0.009357253
963	0.010369329
962	0.0115811
961	0.012988851
960	0.014517275
959	0.015973944
958	0.017069425
957	0.017574811
956	0.017507981
955	0.017109402
954	0.016641786
953	0.016267177
952	0.016064226
951	0.016076205
950	0.016328933
949	0.016835238
948	0.017602636
947	0.018642154
946	0.019974744
945	0.021635583
944	0.023677821
943	0.026177076
942	0.029237532
941	0.033000126
940	0.037652663
939	0.043440114
938	0.050668929
937	0.059688692
936	0.070812519
935	0.084104549
934	0.098958693
933	0.11356961
932	0.124931354
931	0.130295905
930	0.129443001
929	0.125063609
928	0.12068213
927	0.118679038
926	0.119733607
925	0.123018132
924	0.126721537
923	0.129176786
922	0.130183431
921	0.131197039
920	0.134320664
919	0.14133142
918	0.153160814
917	0.16941736
916	0.187648851
915	0.202832584
914	0.208702682
913	0.201650318
912	0.183695483
911	0.160545077
910	0.137327595
909	0.116592493
908	0.098865335
907	0.083893313
906	0.071378857
905	0.061085269
904	0.05275302
903	0.046090013
902	0.040813619
901	0.03668203
900	0.033498864
899	0.031094409
898	0.029286771
897	0.02783503
896	0.0264327
895	0.024808896
894	0.022887603
893	0.02080991
892	0.018783285
891	0.016947181
890	0.015350414
889	0.013985507
888	0.012822508
887	0.011827532
886	0.010970121
885	0.010225138
884	0.009572524
883	0.008996448
882	0.008484406
881	0.008026461
880	0.007614646
879	0.007242509
878	0.006904771
877	0.006597074
876	0.006315779
875	0.00605783
874	0.005820634
873	0.005601976
872	0.005399956
871	0.005212925
870	0.005039455
869	0.004878293
868	0.004728341
867	0.004588631
866	0.004458307
865	0.004336607
864	0.004222853
863	0.00411644
862	0.004016823
861	0.003923517
860	0.003836082
859	0.003754124
858	0.003677285
857	0.003605243
856	0.003537706
855	0.003474409
854	0.003415114
853	0.003359605
852	0.003307685
851	0.003259177
850	0.003213922
849	0.003171777
848	0.003132615
847	0.003096322
846	0.003062798
845	0.003031956
844	0.003003724
843	0.002978041
842	0.002954858
841	0.002934143
840	0.002915875
839	0.002900049
838	0.002886675
837	0.002875785
836	0.002867427
835	0.002861678
834	0.00285864
833	0.002858453
832	0.002861297
831	0.002867408
830	0.002877088
829	0.002890727
828	0.00290883
827	0.002932049
826	0.002961236
825	0.00299751
824	0.003042345
823	0.003097688
822	0.0031661
821	0.003250891
820	0.003356161
819	0.003486503
818	0.003645797
817	0.003834077
816	0.00404139
815	0.004240255
814	0.004386004
813	0.004438071
812	0.00439196
811	0.004283591
810	0.004159918
809	0.004053216
808	0.003977201
807	0.003934035
806	0.003921077
805	0.003934611
804	0.003971374
803	0.004029006
802	0.004106091
801	0.004202069
800	0.004317146
799	0.004452244
798	0.004608987
797	0.004789749
796	0.004997751
795	0.005237225
794	0.005513654
793	0.005834118
792	0.006207772
791	0.006646509
790	0.007165863
789	0.007786218
788	0.008534358
787	0.009445269
786	0.010563756
785	0.011944443
784	0.013646483
783	0.015714878
782	0.018134728
781	0.020748763
780	0.023174466
779	0.024858968
778	0.025399382
777	0.024894027
776	0.02387608
775	0.022925324
774	0.022421316
773	0.022549171
772	0.023397352
771	0.025038121
770	0.027572749
769	0.031151967
768	0.03597625
767	0.042262862
766	0.050140602
765	0.059407419
764	0.069123787
763	0.077276948
762	0.081223047
761	0.079324631
760	0.072350889
759	0.062779876
758	0.05297139
757	0.044236507
756	0.036981678
755	0.031148202
754	0.026519118
753	0.022858194
752	0.019957269
751	0.017647354
750	0.015796742
749	0.014304878
748	0.013095641
747	0.012111482
746	0.011308786
745	0.010654354
744	0.01012282
743	0.009694749
742	0.009355262
741	0.009093027
740	0.00889954
739	0.008768605
738	0.008695972
737	0.008679103
736	0.008717042
735	0.008810367
734	0.008961248
733	0.009173589
732	0.009453281
731	0.009808603
730	0.010250785
729	0.01079482
728	0.011460584
727	0.012274396
726	0.013271142
725	0.014497125
724	0.01601372
723	0.017901607
722	0.020264491
721	0.023228802
720	0.026930415
719	0.031468691
718	0.036794902
717	0.042513104
716	0.047684783
715	0.050973035
714	0.051420403
713	0.049273529
712	0.045794582
711	0.042328161
710	0.039725423
709	0.038364741
708	0.038380595
707	0.039844089
706	0.042851847
705	0.047540933
704	0.054026736
703	0.062220791
702	0.071477792
701	0.080173384
700	0.085751689
699	0.085958177
698	0.080608047
697	0.071744157
696	0.061961189
695	0.053008459
694	0.045610014
693	0.039863099
692	0.035608363
691	0.032625755
690	0.030699557
689	0.029605818
688	0.029058168
687	0.02866997
686	0.028036139
685	0.026953129
684	0.02554843
683	0.024136161
682	0.022991608
681	0.022267112
680	0.022026208
679	0.022299292
678	0.023119754
677	0.024538101
676	0.026615514
675	0.029387761
674	0.032778392
673	0.036451113
672	0.039682954
671	0.041512607
670	0.041329369
669	0.039401523
668	0.036647336
667	0.033969333
666	0.031901418
665	0.030654055
664	0.030275939
663	0.030774304
662	0.032177958
661	0.034566449
660	0.038083158
659	0.042936589
658	0.049378504
657	0.057624416
656	0.067650468
655	0.078797844
654	0.089283019
653	0.096207243
652	0.096913278
651	0.091053859
650	0.080902154
649	0.069467639
648	0.058820934
647	0.049828783
646	0.042602647
645	0.03693614
644	0.032546544
643	0.029173306
642	0.02660553
641	0.024680075
640	0.02326802
639	0.02225641
638	0.021533385
637	0.020993657
636	0.020572956
635	0.020276914
634	0.020162662
633	0.020297279
632	0.020738721
631	0.021541698
630	0.022769966
629	0.024503569
628	0.02683447
627	0.029838762
626	0.033502391
625	0.037576781
624	0.041404083
623	0.043932772
622	0.044223363
621	0.042186457
620	0.038662019
619	0.034728245
618	0.031114344
617	0.028119641
616	0.02577784
615	0.024012189
614	0.022720101
613	0.021807374
612	0.021197821
611	0.020833257
610	0.020670577
609	0.020678522
608	0.020834919
607	0.021124586
606	0.021537788
605	0.022069167
604	0.02271702
603	0.023482858
602	0.024371178
601	0.025389429
600	0.026548144
599	0.027861257
598	0.029346601
597	0.031026642
596	0.032929504
595	0.035090361
594	0.037553344
593	0.040374117
592	0.043623393
591	0.047391707
590	0.051795881
589	0.056987633
588	0.063164662
587	0.070583763
586	0.079573226
585	0.090535531
584	0.103916667
583	0.120088916
582	0.139053911
581	0.15988753
580	0.180129918
579	0.196023895
578	0.204608568
577	0.206333067
576	0.204942835
575	0.204831149
574	0.209136168
573	0.219676158
572	0.237653752
571	0.26428205
570	0.301151744
569	0.350372385
568	0.414437528
567	0.495541969
566	0.593790647
565	0.703748743
564	0.810352247
563	0.889467744
562	0.919712653
561	0.898356362
560	0.840759888
559	0.763923948
558	0.677140749
557	0.586273979
556	0.498388993
555	0.420022168
554	0.354523922
553	0.302159627
552	0.261569552
551	0.230929823
550	0.20844136
549	0.192307378
548	0.180426972
547	0.17018978
546	0.158992576
545	0.145517795
544	0.130382599
543	0.115205547
542	0.10130772
541	0.089263671
540	0.079101844
539	0.070603811
538	0.063489944
537	0.057499796
536	0.0524162
535	0.048066085
534	0.044313857
533	0.041053653
532	0.038202546
531	0.035695164
530	0.033479581
529	0.031514256
528	0.029765745
527	0.028207018
526	0.026816196
525	0.025575623
524	0.024471163
523	0.023491635
522	0.022628262
521	0.021873933
520	0.021222028
519	0.020664822
518	0.020192714
517	0.019796979
516	0.019476299
515	0.019240545
514	0.01910713
513	0.019095617
512	0.019226617
511	0.019524243
510	0.020019614
509	0.020754564
508	0.02178576
507	0.0231895
506	0.025066942
505	0.027547985
504	0.030788485
503	0.034947634
502	0.04011843
501	0.046170525
500	0.052490838
499	0.057769834
498	0.060279453
497	0.058928417
496	0.054197969
495	0.047717737
494	0.041065267
493	0.0351325
492	0.030205487
491	0.026249147
490	0.023113752
489	0.020634904
488	0.018669831
487	0.017105178
486	0.015854483
485	0.014853032
484	0.014052888
483	0.01341886
482	0.012925485
481	0.012554868
480	0.012295214
479	0.0121399
478	0.012086998
477	0.012139197
476	0.012304114
475	0.01259501
474	0.013031954
473	0.013643451
472	0.014468366
471	0.015557579
470	0.016973553
469	0.018783447
468	0.021036843
467	0.023715933
466	0.026660336
465	0.02953062
464	0.031946546
463	0.033795004
462	0.035345735
461	0.036920747
460	0.038434864
459	0.039256526
458	0.038600892
457	0.036227015
456	0.032682981
455	0.028825019
454	0.025282528
453	0.022329244
452	0.020002297
451	0.018236723
450	0.01694342
449	0.016042027
448	0.015470969
447	0.015188486
446	0.015171071
445	0.015411945
444	0.01592049
443	0.016723017
442	0.017865026
441	0.019415044
440	0.021469877
439	0.024160232
438	0.027653285
437	0.032142814
436	0.037804812
435	0.044676022
434	0.0524039
433	0.059903431
432	0.065265818
431	0.066532962
430	0.063150765
429	0.0564678
428	0.048583897
427	0.041068108
426	0.034635963
425	0.029424685
424	0.025312842
423	0.022107949
422	0.019626761
421	0.017720369
420	0.016276706
419	0.01521535
418	0.014479731
417	0.014026666
416	0.013810167
415	0.013757074
414	0.013743718
413	0.013608679
412	0.013233022
411	0.01262697
410	0.011910231
409	0.011212557
408	0.010611203
407	0.010131689
406	0.009770952
405	0.009515595
404	0.009351087
403	0.009265216
402	0.009248925
401	0.009296188
400	0.00940365
399	0.009570304
398	0.009797289
397	0.010087832
396	0.010447339
395	0.010883651
394	0.011407478
393	0.012033056
392	0.012779106
391	0.013670164
390	0.014738441
389	0.016026365
388	0.017590012
387	0.019503531
386	0.021864413
385	0.024798447
384	0.028460665
383	0.033022468
382	0.038622724
381	0.045243333
380	0.052473325
379	0.059238512
378	0.063870171
377	0.064965587
376	0.06253275
375	0.058008469
374	0.053126681
373	0.049044526
372	0.046264493
371	0.044908296
370	0.044962473
369	0.046414804
368	0.049317231
367	0.053815406
366	0.060166108
365	0.068746663
364	0.080042575
363	0.094570252
362	0.112640755
361	0.133816774
360	0.156002364
359	0.174695662
358	0.183991562
357	0.180259141
356	0.165268372
355	0.144613851
354	0.123629813
353	0.105318063
352	0.090663774
351	0.07960574
350	0.071731605
349	0.066616862
348	0.063954026
347	0.063588064
346	0.065513207
345	0.06984208
344	0.076722353
343	0.086138694
342	0.097521842
341	0.10920282
340	0.118160285
339	0.120942764
338	0.115870052
337	0.104447217
336	0.090105191
335	0.075873725
334	0.063354557
333	0.052992629
332	0.044648765
331	0.03798899
330	0.03266648
329	0.028384711
328	0.024908761
327	0.022058415
326	0.019697065
325	0.017721311
324	0.01605258
323	0.014630747
322	0.013409419
321	0.012352475
320	0.011431539
319	0.010624117
318	0.009912233
317	0.009281406
316	0.008719897
315	0.008218131
314	0.007768271
313	0.007363889
312	0.006999727
311	0.006671513
310	0.006375841
309	0.006110087
308	0.005872379
307	0.005661591
306	0.005477376
305	0.005320177
304	0.005191143
303	0.005091683
302	0.005022181
301	0.004979082
300	0.004950112
299	0.004910592
298	0.004829252
297	0.00468766
296	0.004495606
295	0.004281828
294	0.004072937
293	0.003883362
292	0.00371732
291	0.003573797
290	0.003450014
289	0.003343018
288	0.003250139
287	0.003168848
286	0.003096346
285	0.003029377
284	0.002964944
283	0.002901739
282	0.002840602
281	0.002783296
280	0.002731157
279	0.002684741
278	0.0026441
277	0.002609107
276	0.002579651
275	0.002555726
274	0.002537473
273	0.002525198
272	0.002519399
271	0.0025208
270	0.002530402
269	0.002549558
268	0.002580079
267	0.002624378
266	0.002685668
265	0.002768223
264	0.00287769
263	0.003021418
262	0.003208633
261	0.003450086
260	0.003756416
259	0.004134055
258	0.004577096
257	0.005053223
256	0.0054863
255	0.005758794
254	0.005769732
253	0.005517899
252	0.00510685
251	0.004663457
250	0.004271654
249	0.003963569
248	0.003736035
247	0.003565118
246	0.003417241
245	0.003264592
244	0.003099859
243	0.00293468
242	0.002784693
241	0.002659118
240	0.002560122
239	0.002486024
238	0.002433985
237	0.002401339
236	0.002386002
235	0.002386346
234	0.002400686
233	0.002426505
232	0.002460034
231	0.002497484
230	0.002538054
229	0.002585567
228	0.002646387
227	0.002726133
226	0.002827864
225	0.002951516
224	0.003093933
223	0.003248763
222	0.003404126
221	0.00353986
220	0.003634458
219	0.003682993
218	0.003704851
217	0.003729812
216	0.003781395
215	0.003872512
214	0.004009234
213	0.004195291
212	0.004434869
211	0.004733936
210	0.00510063
209	0.005544758
208	0.0060759
207	0.006699612
206	0.007413445
205	0.008210062
204	0.009095786
203	0.010114241
202	0.01134909
201	0.012906996
200	0.01490666
199	0.01748099
198	0.020778291
197	0.024942274
196	0.030042896
195	0.035921405
194	0.041945806
193	0.046838829
192	0.049006688
191	0.047560442
190	0.043092061
189	0.037157168
188	0.031170575
187	0.025896317
186	0.021560628
185	0.018115493
184	0.015419858
183	0.013325005
182	0.011704781
181	0.010461707
180	0.009524634
179	0.008844439
178	0.008389934
177	0.008144161
176	0.008099953
175	0.008252039
174	0.008581132
173	0.00902648
172	0.009457359
171	0.009686333
170	0.009566556
169	0.009103004
168	0.008435132
167	0.007719996
166	0.007063018
165	0.0065211
164	0.006121232
163	0.005873046
162	0.00577903
161	0.005842715
160	0.006073206
159	0.0064853
158	0.007093293
157	0.007893366
156	0.008828053
155	0.009739069
154	0.010358404
153	0.010420827
152	0.00986194
151	0.00887444
150	0.007743708
149	0.006677502
148	0.005767909
147	0.005030589
146	0.004447725
145	0.003992764
144	0.003640868
143	0.003372144
142	0.003171974
141	0.00303047
140	0.002941829
139	0.00290383
138	0.00291743
137	0.002986196
136	0.00311486
135	0.003305579
134	0.003549718
133	0.003814349
132	0.004031599
131	0.004114315
130	0.004010407
129	0.003747061
128	0.003405763
127	0.003062743
126	0.002759891
125	0.002509913
124	0.002310395
123	0.002153698
122	0.002031653
121	0.001937244
120	0.001864942
119	0.00181057
118	0.001771041
117	0.001744118
116	0.001728219
115	0.00172227
114	0.001725601
113	0.001737882
112	0.00175907
111	0.001789395
110	0.001829353
109	0.001879716
108	0.001941565
107	0.002016334
106	0.002105883
105	0.002212594
104	0.002339506
103	0.002490499
102	0.002670542
101	0.002886035
100	0.003145279
99	0.003459113
98	0.003841796
97	0.004312193
96	0.004895347
95	0.005624428
94	0.006542836
93	0.007705557
92	0.00917718
91	0.011020312
90	0.013261674
89	0.015818251
88	0.018385097
87	0.020374079
86	0.021105318
85	0.020277287
84	0.018234123
83	0.015663527
82	0.01313604
81	0.010937669
80	0.009140758
79	0.00771479
78	0.006596675
77	0.005721936
76	0.005034406
75	0.004487259
74	0.004042832
73	0.003674146
72	0.003365435
71	0.003108588
70	0.002898303
69	0.002729717
68	0.002598307
67	0.002500409
66	0.002433576
65	0.002396749
64	0.002390316
63	0.002416096
62	0.002477085
61	0.002576564
60	0.002715646
59	0.002888046
58	0.003072205
57	0.003227058
56	0.003305582
55	0.003287757
54	0.003199098
53	0.003089371
52	0.003000523
51	0.002955237
50	0.002962131
49	0.00302374
48	0.003141769
47	0.003319752
46	0.003564416
45	0.003886643
44	0.00430253
43	0.004834776
42	0.005514447
41	0.006382913
40	0.007493047
39	0.008907134
38	0.010685278
37	0.012851809
36	0.015322558
35	0.017795428
34	0.019693487
33	0.020357479
32	0.019505026
31	0.017481181
30	0.014955931
29	0.012478905
28	0.010322725
27	0.008554266
26	0.007142092
25	0.006024203
24	0.005138348
23	0.004432044
22	0.003864031
21	0.003402822
20	0.003024646
19	0.002711584
18	0.002450075
17	0.002229788
16	0.002042797
15	0.001882972
14	0.001745534
13	0.001626737
12	0.001523631
11	0.001433887
10	0.001355675
9	0.001287572
8	0.0012285
7	0.001177688
6	0.001134647
5	0.001099165
4	0.001071297
3	0.001051338
2	0.001039741
1	0.00103694
0	0.00104308
-1	0.001057578
-2	0.001078056
-3	0.001098292
-4	0.00110714
-5	0.001092713
-6	0.001051264
-7	0.000990678
-8	0.000923708
-9	0.000860004
-10	0.000803956
-11	0.000756345
-12	0.000716322
-13	0.000682587
-14	0.000653888
-15	0.000629184
-16	0.000607655
-17	0.000588669
-18	0.000571743
-19	0.000556505
-20	0.000542669
-21	0.000530011
-22	0.000518356
-23	0.000507561
-24	0.000497514
-25	0.000488122
-26	0.000479307
-27	0.000471007
-28	0.000463168
-29	0.000455744
-30	0.000448696
-31	0.00044199
-32	0.000435598
-33	0.000429494
-34	0.000423654
-35	0.000418061
-36	0.000412694
-37	0.00040754
-38	0.000402583
-39	0.000397811
-40	0.000393213
-41	0.000388777
-42	0.000384494
-43	0.000380355
-44	0.000376353
-45	0.000372479
-46	0.000368728
-47	0.000365092
-48	0.000361567
-49	0.000358146
-50	0.000354824
-51	0.000351598
-52	0.000348462
-53	0.000345413
-54	0.000342447
-55	0.00033956
-56	0.00033675
-57	0.000334012
-58	0.000331344
-59	0.000328744
-60	0.000326208
-61	0.000323735
-62	0.000321322
-63	0.000318967
-64	0.000316668
-65	0.000314422
-66	0.00031223
-67	0.000310087
-68	0.000307994
-69	0.000305949
-70	0.000303949
-71	0.000301994
-72	0.000300083
-73	0.000298214
-74	0.000296386
-75	0.000294599
-76	0.00029285
-77	0.00029114
-78	0.000289467
-79	0.000287831
-80	0.00028623
-81	0.000284665
-82	0.000283134
-83	0.000281637
-84	0.000280173
-85	0.000278742
-86	0.000277343
-87	0.000275975
-88	0.00027464
-89	0.000273335
-90	0.000272061
-91	0.000270818
-92	0.000269605
-93	0.000268422
-94	0.000267269
-95	0.000266146
-96	0.000265053
-97	0.00026399
-98	0.000262957
-99	0.000261954
-100	0.000260982
-101	0.00026004
-102	0.000259129
-103	0.000258249
-104	0.000257401
-105	0.000256585
-106	0.000255802
-107	0.000255052
-108	0.000254336
-109	0.000253654
-110	0.000253009
-111	0.0002524
-112	0.000251829
-113	0.000251297
-114	0.000250806
-115	0.000250356
-116	0.00024995
-117	0.000249589
-118	0.000249275
-119	0.000249011
-120	0.000248799
-121	0.000248642
-122	0.000248542
-123	0.000248502
-124	0.000248527
-125	0.000248619
-126	0.000248784
-127	0.000249026
-128	0.00024935
-129	0.000249762
-130	0.000250268
-131	0.000250876
-132	0.000251593
-133	0.000252428
-134	0.000253392
-135	0.000254494
-136	0.000255747
-137	0.000257166
-138	0.000258765
-139	0.000260563
-140	0.000262578
-141	0.000264835
-142	0.000267358
-143	0.000270177
-144	0.000273326
-145	0.000276843
-146	0.000280774
-147	0.00028517
-148	0.000290091
-149	0.000295609
-150	0.000301807
-151	0.000308783
-152	0.000316653
-153	0.000325556
-154	0.000335659
-155	0.000347163
-156	0.000360314
-157	0.000375411
-158	0.000392825
-159	0.000413015
-160	0.000436558
-161	0.000464181
-162	0.000496815
-163	0.000535653
-164	0.000582246
-165	0.000638624
-166	0.000707462
-167	0.000792308
-168	0.000897863
-169	0.001030318
-170	0.00119764
-171	0.001409538
-172	0.001676403
-173	0.002005629
-174	0.002392702
-175	0.002805228
-176	0.003167047
-177	0.003369168
-178	0.003331589
-179	0.003069957
-180	0.002681388
-181	0.002269353
-182	0.001896341
-183	0.001584562
-184	0.00133367
-185	0.001134757
-186	0.000977409
-187	0.000852387
-188	0.000752265
-189	0.000671326
-190	0.000605243
-191	0.000550751
-192	0.000505386
-193	0.000467275
-194	0.000434981
-195	0.000407398
-196	0.00038366
-197	0.000363089
-198	0.000345146
-199	0.000329399
-200	0.000315502
-201	0.00030317
-202	0.000292174
-203	0.000282323
-204	0.000273458
-205	0.000265448
-206	0.000258181
-207	0.000251564
-208	0.000245518
-209	0.000239976
-210	0.000234879
-211	0.000230176
-212	0.000225827
-213	0.000221792
-214	0.000218039
-215	0.00021454
-216	0.000211271
-217	0.000208208
-218	0.000205333
-219	0.000202628
-220	0.000200079
-221	0.000197671
-222	0.000195393
-223	0.000193234
-224	0.000191184
-225	0.000189235
-226	0.000187378
-227	0.000185607
-228	0.000183914
-229	0.000182296
