#v	DOS
-110	0.004101242
-109	0.00421842
-108	0.00421842
-107	0.004335599
-106	0.004335599
-105	0.004335599
-104	0.004452777
-103	0.004452777
-102	0.004569955
-101	0.004569955
-100	0.004687134
-99	0.004687134
-98	0.004804312
-97	0.004804312
-96	0.004921491
-95	0.004921491
-94	0.005038669
-93	0.005038669
-92	0.005155847
-91	0.005273026
-90	0.005273026
-89	0.005390204
-88	0.005507382
-87	0.005507382
-86	0.005624561
-85	0.005624561
-84	0.005741739
-83	0.005858917
-82	0.005976096
-81	0.005976096
-80	0.006093274
-79	0.006210452
-78	0.006327631
-77	0.006444809
-76	0.006444809
-75	0.006561987
-74	0.006679166
-73	0.006796344
-72	0.006913522
-71	0.007030701
-70	0.007147879
-69	0.007265057
-68	0.007382236
-67	0.007499414
-66	0.007616592
-65	0.007733771
-64	0.007968127
-63	0.008085306
-62	0.008202484
-61	0.008319663
-60	0.008554019
-59	0.008671198
-58	0.008905554
-57	0.009022733
-56	0.009257089
-55	0.009374268
-54	0.009608624
-53	0.009842981
-52	0.010077338
-51	0.010311694
-50	0.010428873
-49	0.010780408
-48	0.011014764
-47	0.011249121
-46	0.011483478
-45	0.011835013
-44	0.01206937
-43	0.012420905
-42	0.01277244
-41	0.013123975
-40	0.01347551
-39	0.013944223
-38	0.014295758
-37	0.014764472
-36	0.015233185
-35	0.015701898
-34	0.01628779
-33	0.016873682
-32	0.017459573
-31	0.018045465
-30	0.018748535
-29	0.019568784
-28	0.020389032
-27	0.021326459
-26	0.022263886
-25	0.023318491
-24	0.024607453
-23	0.025896414
-22	0.027302554
-21	0.028943051
-20	0.030817905
-19	0.032927115
-18	0.03538786
-17	0.038200141
-16	0.041363956
-15	0.045230841
-14	0.049683618
-13	0.055073822
-12	0.06163581
-11	0.069603937
-10	0.079446918
-9	0.091750644
-8	0.107218186
-7	0.126435435
-6	0.150105461
-5	0.177876728
-4	0.207874385
-3	0.234708226
-2	0.250996016
-1	0.250878838
0	0.234825404
1	0.20963206
2	0.182563862
3	0.158190766
4	0.138153269
5	0.122685728
6	0.11120225
7	0.102882587
8	0.097258027
9	0.093742676
10	0.09210218
11	0.091985001
12	0.09350832
13	0.096554957
14	0.101124912
15	0.107452543
16	0.115889384
17	0.126669791
18	0.140496836
19	0.15795641
20	0.179985939
21	0.207171315
22	0.239981251
23	0.277126787
24	0.314506679
25	0.345558941
26	0.363838763
27	0.368877431
28	0.3668854
29	0.365947973
30	0.371572533
31	0.385165221
32	0.405905789
33	0.432622451
34	0.464963675
35	0.501992032
36	0.538903211
37	0.569135224
38	0.588118116
39	0.595031638
40	0.590578861
41	0.57722053
42	0.56163581
43	0.55237872
44	0.554136396
45	0.56444809
46	0.573939536
47	0.569486759
48	0.543004453
49	0.497773611
50	0.444808999
51	0.394305132
52	0.352472463
53	0.321185845
54	0.300328099
55	0.289196157
56	0.287321303
57	0.29458636
58	0.311342864
59	0.337707992
60	0.37321303
61	0.415280056
62	0.457229904
63	0.489453949
64	0.504569955
65	0.502226389
66	0.488985236
67	0.470119522
68	0.447152566
69	0.420787438
70	0.394187954
71	0.371572533
72	0.3555191
73	0.345558941
74	0.339348488
75	0.335247246
76	0.334075463
77	0.33852824
78	0.351652215
79	0.375790954
80	0.411999063
81	0.459339114
82	0.513358331
83	0.563627842
84	0.596437778
85	0.60124209
86	0.579446918
87	0.543121631
88	0.506796344
89	0.480314038
90	0.467072885
91	0.46531521
92	0.46883056
93	0.468713382
94	0.458987579
95	0.440473401
96	0.420084368
97	0.405319897
98	0.401335833
99	0.410592922
100	0.433794235
101	0.469650809
102	0.51347551
103	0.555308179
104	0.581790485
105	0.581556128
106	0.553316147
107	0.506444809
108	0.454300445
109	0.406960394
110	0.36969768
111	0.343801266
112	0.329153972
113	0.325169909
114	0.331731896
115	0.348722756
116	0.376494024
117	0.414342629
118	0.459221936
119	0.504687134
120	0.540543708
121	0.557886103
122	0.554019217
123	0.535622217
124	0.514295758
125	0.500351535
126	0.49929693
127	0.511835013
128	0.534098899
129	0.559292243
130	0.580618702
131	0.596672135
132	0.61260839
133	0.634403562
134	0.6628779
135	0.693578627
136	0.721232716
137	0.743730959
138	0.758729787
139	0.760838997
140	0.745840169
141	0.718654793
142	0.691352238
143	0.674478556
144	0.671197563
145	0.675415983
146	0.674712913
147	0.656433091
148	0.615186314
149	0.555542536
150	0.488516522
151	0.424302789
152	0.368877431
153	0.323998125
154	0.289313335
155	0.263299742
156	0.244668385
157	0.232599016
158	0.226388563
159	0.225685493
160	0.230606984
161	0.241738927
162	0.259784392
163	0.285797985
164	0.32083431
165	0.364659011
166	0.415162878
167	0.465783923
168	0.506679166
169	0.528474338
170	0.526482306
171	0.503280994
172	0.467307242
173	0.429341458
174	0.396883056
175	0.37180689
176	0.35059761
177	0.327396297
178	0.298687603
179	0.265526131
180	0.232013124
181	0.201663933
182	0.175884697
183	0.155026951
184	0.138270448
185	0.125146473
186	0.115069135
187	0.107335364
188	0.101945161
189	0.09842981
190	0.096789313
191	0.097140848
192	0.099601594
193	0.104054371
194	0.110147645
195	0.11682681
196	0.121982658
197	0.122920084
198	0.118467307
199	0.109561753
200	0.098664167
201	0.087883759
202	0.078509491
203	0.070658542
204	0.064330912
205	0.059175064
206	0.055073822
207	0.051792829
208	0.049097727
209	0.046988517
210	0.045230841
211	0.043707523
212	0.042652918
213	0.041715491
214	0.041012421
215	0.040426529
216	0.040074994
217	0.039840637
218	0.039840637
219	0.039957816
220	0.040074994
221	0.040426529
222	0.041012421
223	0.041598313
224	0.042418561
225	0.043355988
226	0.044527771
227	0.045933911
228	0.04745723
229	0.049332083
230	0.051441294
231	0.054019217
232	0.056831498
233	0.06022967
234	0.064096555
235	0.068783689
236	0.074173893
237	0.08073588
238	0.088469651
239	0.097961097
240	0.109444575
241	0.123388798
242	0.140379658
243	0.160534333
244	0.183618467
245	0.208343098
246	0.232950551
247	0.256854933
248	0.281462386
249	0.30946801
250	0.341926412
251	0.376142489
252	0.406022967
253	0.426177642
254	0.437192407
255	0.446097961
256	0.460628076
257	0.484063745
258	0.513827045
259	0.542418561
260	0.563159128
261	0.572884931
262	0.571244434
263	0.558940708
264	0.539020389
265	0.517225217
266	0.497422076
267	0.477618936
268	0.451605343
269	0.416100305
270	0.374033279
271	0.332083431
272	0.295640966
273	0.267283806
274	0.247363487
275	0.235880009
276	0.232247481
277	0.236348723
278	0.248418092
279	0.268455589
280	0.295523787
281	0.326927584
282	0.356690884
283	0.377665807
284	0.385868292
285	0.383993438
286	0.377431451
287	0.368760253
288	0.356456527
289	0.338059527
290	0.313686431
291	0.285094914
292	0.253925475
293	0.221935786
294	0.191586595
295	0.164518397
296	0.141551441
297	0.122802906
298	0.107452543
299	0.095031638
300	0.0849543
301	0.076634638
302	0.069721116
303	0.063862198
304	0.058940708
305	0.054839466
306	0.051206937
307	0.0481603
308	0.045465198
309	0.043121631
310	0.041129599
311	0.039254746
312	0.037731427
313	0.036325287
314	0.035153504
315	0.034098899
316	0.033161472
317	0.032341223
318	0.031638153
319	0.031052262
320	0.03046637
321	0.030114835
322	0.0297633
323	0.029528943
324	0.029294586
325	0.029294586
326	0.029294586
327	0.029294586
328	0.029528943
329	0.0297633
330	0.030114835
331	0.03046637
332	0.031052262
333	0.031755332
334	0.032458402
335	0.033395828
336	0.034567612
337	0.035739395
338	0.037262714
339	0.038903211
340	0.040895243
341	0.043238809
342	0.045933911
343	0.049097727
344	0.052847434
345	0.057300211
346	0.062573236
347	0.068900867
348	0.076634638
349	0.086008906
350	0.097609562
351	0.112022498
352	0.130067963
353	0.152683384
354	0.180923365
355	0.215608156
356	0.25638622
357	0.300328099
358	0.341926412
359	0.3739161
360	0.392430279
361	0.398640731
362	0.394070776
363	0.377431451
364	0.347316616
365	0.307124443
366	0.263651277
367	0.223224748
368	0.188774315
369	0.16076869
370	0.138504804
371	0.121045231
372	0.107335364
373	0.096554957
374	0.088235294
375	0.081790485
376	0.076751816
377	0.073119288
378	0.070424186
379	0.068783689
380	0.06796344
381	0.068080619
382	0.068900867
383	0.070658542
384	0.073353644
385	0.077103351
386	0.08214202
387	0.088586829
388	0.096789313
389	0.107335364
390	0.120693696
391	0.137684556
392	0.159479728
393	0.187133818
394	0.2224045
395	0.266229201
396	0.318490743
397	0.375673775
398	0.428404031
399	0.462034216
400	0.463791891
401	0.432973986
402	0.381298336
403	0.32364659
404	0.270213265
405	0.224982423
406	0.188422779
407	0.15936255
408	0.136512772
409	0.118467307
410	0.104171549
411	0.092688071
412	0.083430982
413	0.075931568
414	0.069838294
415	0.064916803
416	0.060815561
417	0.057417389
418	0.054722287
419	0.052495899
420	0.050738224
421	0.049449262
422	0.048511835
423	0.047808765
424	0.04745723
425	0.04745723
426	0.047691587
427	0.048277478
428	0.049097727
429	0.05026951
430	0.051792829
431	0.053667682
432	0.055894071
433	0.058706351
434	0.061987345
435	0.066088587
436	0.070775721
437	0.07651746
438	0.083430982
439	0.091867823
440	0.102062339
441	0.114483243
442	0.129950785
443	0.149285212
444	0.173423951
445	0.203890321
446	0.241973283
447	0.288610265
448	0.34344973
449	0.402390438
450	0.455940942
451	0.491445981
452	0.498359503
453	0.476564331
454	0.436137802
455	0.390555425
456	0.350246075
457	0.320599953
458	0.30314038
459	0.298101711
460	0.305366768
461	0.324466839
462	0.353995782
463	0.389969534
464	0.425005859
465	0.449496133
466	0.456526834
467	0.446215139
468	0.422662292
469	0.389383642
470	0.348722756
471	0.303960628
472	0.260018749
473	0.220646824
474	0.187602531
475	0.160534333
476	0.138856339
477	0.121513944
478	0.107452543
479	0.096203422
480	0.086946332
481	0.07932974
482	0.073119288
483	0.06796344
484	0.063627842
485	0.060112491
486	0.057183033
487	0.054722287
488	0.052730255
489	0.051206937
490	0.050035154
491	0.049214905
492	0.048629013
493	0.048511835
494	0.048629013
495	0.049097727
496	0.050035154
497	0.051206937
498	0.052964612
499	0.055191001
500	0.058003281
501	0.061518631
502	0.06585423
503	0.071361612
504	0.078275135
505	0.086946332
506	0.097843918
507	0.111670963
508	0.129013358
509	0.150808531
510	0.177408015
511	0.208108742
512	0.240215608
513	0.267400984
514	0.282516991
515	0.281696742
516	0.268572768
517	0.250996016
518	0.236231544
519	0.228380595
520	0.229200844
521	0.238457933
522	0.254159831
523	0.271502226
524	0.282985704
525	0.280876494
526	0.263065386
527	0.234356691
528	0.202249824
529	0.172134989
530	0.146355753
531	0.12538083
532	0.108741505
533	0.095500352
534	0.085071479
535	0.076751816
536	0.070072651
537	0.064682447
538	0.060346848
539	0.056948676
540	0.054136396
541	0.051910007
542	0.05026951
543	0.04886337
544	0.047925943
545	0.047340052
546	0.047105695
547	0.047105695
548	0.047340052
549	0.047925943
550	0.048746192
551	0.049917975
552	0.051441294
553	0.053316147
554	0.055542536
555	0.058354816
556	0.06163581
557	0.065619873
558	0.070307007
559	0.076048746
560	0.082962269
561	0.091399109
562	0.101710804
563	0.114483243
564	0.13030232
565	0.150105461
566	0.174712913
567	0.205179283
568	0.241856105
569	0.283571596
570	0.327044762
571	0.367236935
572	0.399226623
573	0.420084368
574	0.426880712
575	0.417623623
576	0.393953597
577	0.360557769
578	0.32294352
579	0.285446449
580	0.251699086
581	0.223693461
582	0.202249824
583	0.186782283
584	0.17705648
585	0.172252168
586	0.172017811
587	0.17635341
588	0.185610499
589	0.200023436
590	0.220646824
591	0.248066557
592	0.282868526
593	0.324115303
594	0.368057183
595	0.408366534
596	0.438481369
597	0.455823764
598	0.462620108
599	0.459807828
600	0.445746426
601	0.41996719
602	0.387508788
603	0.355753457
604	0.330794469
605	0.315678463
606	0.311694399
607	0.319193813
608	0.33852824
609	0.36969768
610	0.411530349
611	0.460042184
612	0.506796344
613	0.541012421
614	0.553550504
615	0.542184204
616	0.51206937
617	0.473986407
618	0.439301617
619	0.415397235
620	0.406140145
621	0.412467776
622	0.433208343
623	0.464377783
624	0.497656433
625	0.521795172
626	0.526013593
627	0.505390204
628	0.462737286
629	0.407077572
630	0.348957113
631	0.295640966
632	0.250527303
633	0.213616124
634	0.184087181
635	0.160534333
636	0.14166862
637	0.126552613
638	0.114131708
639	0.104171549
640	0.095851887
641	0.089055543
642	0.083430982
643	0.078743848
644	0.074876963
645	0.071713147
646	0.069135224
647	0.067143192
648	0.065619873
649	0.06444809
650	0.06374502
651	0.063510663
652	0.063627842
653	0.064213733
654	0.065268338
655	0.066674479
656	0.06866651
657	0.071127256
658	0.074291071
659	0.078275135
660	0.083079447
661	0.089055543
662	0.0963206
663	0.105343333
664	0.116358097
665	0.130067963
666	0.147176002
667	0.168619639
668	0.195805015
669	0.230021092
670	0.27267401
671	0.324232482
672	0.38247012
673	0.440590579
674	0.48582142
675	0.504335599
676	0.490508554
677	0.451956878
678	0.402859152
679	0.355870635
680	0.317670494
681	0.290485118
682	0.274431685
683	0.269041481
684	0.27408015
685	0.28966487
686	0.315678463
687	0.351417858
688	0.393484884
689	0.434497305
690	0.463557535
691	0.47093977
692	0.454769159
693	0.422193579
694	0.383056011
695	0.343918444
696	0.306421373
697	0.270681978
698	0.23798922
699	0.209514882
700	0.186079213
701	0.167799391
702	0.154089524
703	0.1444809
704	0.138270448
705	0.135340989
706	0.135340989
707	0.138504804
708	0.144949613
709	0.155144129
710	0.169908601
711	0.189946098
712	0.216662761
713	0.250878838
714	0.292828685
715	0.340403094
716	0.38809468
717	0.427115069
718	0.448441528
719	0.44762128
720	0.424302789
721	0.38317319
722	0.332786501
723	0.282165456
724	0.236817436
725	0.198851652
726	0.168150926
727	0.14377783
728	0.124209046
729	0.108624326
730	0.096086243
731	0.085774549
732	0.077454886
733	0.070424186
734	0.064565268
735	0.059643778
736	0.055542536
737	0.051910007
738	0.04886337
739	0.046285446
740	0.04394188
741	0.042067026
742	0.040309351
743	0.038786032
744	0.037497071
745	0.036325287
746	0.03538786
747	0.034567612
748	0.033864542
749	0.03327865
750	0.032809937
751	0.032341223
752	0.032106867
753	0.03187251
754	0.031755332
755	0.031755332
756	0.031755332
757	0.03187251
758	0.032106867
759	0.032341223
760	0.032692758
761	0.033161472
762	0.033747363
763	0.034450434
764	0.035270682
765	0.03609093
766	0.037145536
767	0.038317319
768	0.039723459
769	0.041246778
770	0.042887274
771	0.044879306
772	0.047105695
773	0.049683618
774	0.052613077
775	0.056011249
776	0.059878135
777	0.064330912
778	0.069603937
779	0.07581439
780	0.083079447
781	0.091867823
782	0.102296696
783	0.115069135
784	0.130771034
785	0.150105461
786	0.174361378
787	0.204710569
788	0.242676353
789	0.289313335
790	0.344738692
791	0.405202719
792	0.462268573
793	0.502343567
794	0.513709866
795	0.495078509
796	0.456761191
797	0.413288024
798	0.375673775
799	0.349660183
800	0.337356457
801	0.338996953
802	0.35411296
803	0.381181158
804	0.416100305
805	0.450199203
806	0.471291305
807	0.468713382
808	0.441762362
809	0.400046871
810	0.355401922
811	0.316147176
812	0.285797985
813	0.263768456
814	0.247480666
815	0.233067729
816	0.217717366
817	0.200726506
818	0.183618467
819	0.168619639
820	0.15655027
821	0.147879072
822	0.142606046
823	0.140262479
824	0.141082728
825	0.144832435
826	0.151863136
827	0.162526365
828	0.177525193
829	0.197914225
830	0.224630888
831	0.259081322
832	0.302202953
833	0.35340989
834	0.408600891
835	0.458987579
836	0.492266229
837	0.497773611
838	0.474220764
839	0.430278884
840	0.379189126
841	0.330911648
842	0.290836653
843	0.260370284
844	0.238926646
845	0.225685493
846	0.219826576
847	0.220881181
848	0.229083665
849	0.244785564
850	0.268807124
851	0.301968596
852	0.344387157
853	0.393836419
854	0.443520037
855	0.48230607
856	0.499062573
857	0.490391376
858	0.463323178
859	0.428286853
860	0.392547457
861	0.359620342
862	0.332317788
863	0.313217717
864	0.304077806
865	0.306187017
866	0.320248418
867	0.346613546
868	0.384462151
869	0.430278884
870	0.475275369
871	0.505155847
872	0.506444809
873	0.475861261
874	0.422896649
875	0.362081087
876	0.304429341
877	0.254745723
878	0.214084837
879	0.181392079
880	0.155378486
881	0.134637919
882	0.117881416
883	0.104171549
884	0.093039606
885	0.083665339
886	0.075931568
887	0.069369581
888	0.06374502
889	0.058940708
890	0.054722287
891	0.051089759
892	0.047925943
893	0.045113663
894	0.042652918
895	0.040543708
896	0.038551676
897	0.036794
898	0.035270682
899	0.033864542
900	0.03257558
901	0.031403797
902	0.030349191
903	0.029411765
904	0.028591516
905	0.027888446
906	0.027185376
907	0.026482306
908	0.026013593
909	0.025427701
910	0.025076166
911	0.024607453
912	0.024255918
913	0.024021561
914	0.023670026
915	0.023552847
916	0.023318491
917	0.023201312
918	0.023084134
919	0.022966956
920	0.022966956
921	0.022966956
922	0.022966956
923	0.023084134
924	0.023201312
925	0.023318491
926	0.023552847
927	0.023787204
928	0.024021561
929	0.024373096
930	0.024724631
931	0.025076166
932	0.025544879
933	0.026130771
934	0.026716663
935	0.027302554
936	0.028005625
937	0.028825873
938	0.029646121
939	0.030583548
940	0.031638153
941	0.032927115
942	0.034216077
943	0.035622217
944	0.037262714
945	0.039020389
946	0.041012421
947	0.043121631
948	0.045699555
949	0.048394657
950	0.051558472
951	0.055073822
952	0.059175064
953	0.06374502
954	0.069135224
955	0.075228498
956	0.082376377
957	0.090696039
958	0.10053902
959	0.112374033
960	0.126435435
961	0.143426295
962	0.16428404
963	0.189946098
964	0.222052965
965	0.262127959
966	0.312631826
967	0.375439419
968	0.452308413
969	0.541832669
970	0.637450199
971	0.726271385
972	0.792594329
973	0.825872979
974	0.822591985
975	0.783102883
976	0.711858449
977	0.621513944
978	0.52765409
979	0.442348254
980	0.370517928
981	0.312631826
982	0.266932271
983	0.231192876
984	0.203421608
985	0.18197797
986	0.165573002
987	0.153152097
988	0.144246543
989	0.138270448
990	0.135106632
991	0.134637919
992	0.136747129
993	0.142020155
994	0.150574174
995	0.163112257
996	0.180689009
997	0.204359034
998	0.235411296
999	0.275134755
1000	0.323412233
1001	0.377314272
1002	0.428638388
1003	0.464143426
1004	0.471174127
1005	0.44691821
1006	0.400046871
1007	0.344035622
1008	0.289313335
1009	0.241387392
1010	0.201898289
1011	0.170142958
1012	0.144832435
1013	0.124794938
1014	0.108741505
1015	0.095734708
1016	0.085071479
1017	0.076400281
1018	0.069135224
1019	0.063159128
1020	0.058003281
1021	0.053667682
1022	0.049917975
1023	0.04675416
1024	0.04394188
1025	0.041481134
1026	0.039371924
1027	0.037614249
1028	0.035973752
1029	0.034567612
1030	0.03327865
1031	0.032224045
1032	0.031286618
1033	0.03046637
1034	0.0297633
1035	0.029177408
1036	0.028708695
1037	0.028239981
1038	0.028005625
1039	0.027771268
1040	0.027536911
1041	0.027536911
1042	0.027536911
1043	0.02765409
1044	0.027771268
1045	0.028005625
1046	0.028474338
1047	0.028943051
1048	0.029411765
1049	0.030114835
1050	0.030935083
1051	0.03187251
1052	0.033044293
1053	0.034333255
1054	0.035856574
1055	0.037614249
1056	0.039606281
1057	0.041949848
1058	0.044762128
1059	0.048043122
1060	0.051792829
1061	0.056245606
1062	0.06163581
1063	0.068080619
1064	0.07581439
1065	0.085305835
1066	0.09702367
1067	0.111436607
1068	0.12959925
1069	0.152449027
1070	0.181392079
1071	0.217834544
1072	0.262948207
1073	0.316264354
1074	0.3739161
1075	0.426060464
1076	0.457815796
1077	0.456995547
1078	0.42418561
1079	0.371689712
1080	0.314506679
1081	0.261893602
1082	0.217600187
1083	0.18197797
1084	0.153737989
1085	0.131591282
1086	0.114131708
1087	0.100304664
1088	0.089172721
1089	0.080267167
1090	0.073119288
1091	0.067377549
1092	0.062573236
1093	0.058823529
1094	0.055659714
1095	0.053198969
1096	0.051324115
1097	0.049800797
1098	0.048746192
1099	0.048043122
1100	0.047808765
1101	0.047808765
1102	0.048043122
1103	0.048746192
1104	0.049800797
1105	0.051089759
1106	0.052964612
1107	0.055073822
1108	0.057886103
1109	0.061167096
1110	0.06515116
1111	0.069955472
1112	0.075697211
1113	0.082610734
1114	0.091164753
1115	0.101476447
1116	0.114248887
1117	0.130185142
1118	0.150105461
1119	0.175064448
1120	0.206585423
1121	0.245957347
1122	0.294000469
1123	0.349425826
1124	0.407077572
1125	0.455706585
1126	0.482071713
1127	0.477853293
1128	0.44691821
1129	0.400749941
1130	0.351535036
1131	0.307475978
1132	0.272322475
1133	0.246660417
1134	0.230372627
1135	0.2224045
1136	0.2224045
1137	0.230489805
1138	0.246894774
1139	0.272439653
1140	0.307241622
1141	0.350246075
1142	0.397234591
1143	0.439301617
1144	0.465432388
1145	0.468010312
1146	0.447972815
1147	0.412467776
1148	0.369580502
1149	0.32505273
1150	0.282751348
1151	0.245488634
1152	0.214670729
1153	0.190414811
1154	0.172134989
1155	0.159128193
1156	0.150691352
1157	0.146238575
1158	0.145535505
1159	0.148582142
1160	0.155612843
1161	0.167213499
1162	0.184087181
1163	0.207405671
1164	0.238340755
1165	0.277947035
1166	0.325521444
1167	0.377314272
1168	0.424537146
1169	0.454534802
1170	0.457464261
1171	0.433325521
1172	0.390672604
1173	0.339700023
1174	0.288610265
1175	0.24220764
1176	0.202835716
1177	0.170611671
1178	0.144715257
1179	0.124091868
1180	0.107452543
1181	0.094094211
1182	0.083196625
1183	0.074173893
1184	0.066791657
1185	0.060581205
1186	0.055308179
1187	0.050738224
1188	0.046871338
1189	0.043590345
1190	0.040660886
1191	0.038082962
1192	0.035856574
1193	0.03398172
1194	0.032224045
1195	0.030700727
1196	0.029294586
1197	0.028005625
1198	0.026951019
1199	0.025896414
1200	0.025076166
1201	0.024255918
1202	0.023552847
1203	0.022966956
1204	0.022381064
1205	0.021912351
1206	0.021443637
1207	0.021092102
1208	0.020740567
1209	0.020389032
1210	0.020154675
1211	0.020037497
1212	0.01980314
1213	0.01980314
1214	0.019685962
1215	0.019685962
1216	0.019685962
1217	0.01980314
1218	0.019920319
1219	0.020154675
1220	0.020389032
1221	0.020623389
1222	0.020974924
1223	0.021443637
1224	0.021912351
1225	0.022498242
1226	0.023201312
1227	0.023904382
1228	0.024841809
1229	0.025779236
1230	0.026951019
1231	0.028239981
1232	0.0297633
1233	0.031520975
1234	0.033513007
1235	0.035739395
1236	0.038434497
1237	0.041598313
1238	0.045230841
1239	0.04956644
1240	0.054605109
1241	0.060815561
1242	0.068197797
1243	0.07722053
1244	0.088235294
1245	0.101945161
1246	0.119170377
1247	0.140731193
1248	0.168150926
1249	0.202718538
1250	0.245840169
1251	0.297398641
1252	0.354581673
1253	0.408952426
1254	0.446215139
1255	0.452659948
1256	0.425708929
1257	0.375790954
1258	0.318256386
1259	0.263885634
1260	0.217483009
1261	0.179751582
1262	0.149753925
1263	0.125966721
1264	0.107218186
1265	0.092219358
1266	0.080149988
1267	0.070424186
1268	0.06233888
1269	0.055659714
1270	0.050152332
1271	0.045465198
1272	0.041481134
1273	0.038082962
1274	0.035153504
1275	0.03257558
1276	0.03046637
1277	0.028474338
1278	0.026833841
1279	0.025310523
1280	0.023904382
1281	0.022732599
1282	0.021677994
1283	0.020740567
1284	0.019920319
1285	0.019217249
1286	0.018514179
1287	0.017928287
1288	0.017342395
1289	0.016873682
1290	0.016404968
1291	0.015936255
1292	0.01558472
1293	0.015233185
1294	0.01488165
1295	0.014647293
1296	0.014412936
1297	0.01417858
1298	0.014061401
1299	0.013827045
1300	0.013709866
1301	0.013592688
1302	0.01347551
1303	0.013358331
1304	0.013241153
1305	0.013241153
1306	0.013123975
1307	0.013123975
1308	0.013123975
1309	0.013123975
1310	0.013123975
1311	0.013123975
1312	0.013123975
1313	0.013241153
1314	0.013241153
1315	0.013358331
1316	0.01347551
1317	0.013592688
1318	0.013709866
1319	0.013827045
1320	0.013944223
1321	0.01417858
1322	0.014295758
1323	0.014530115
1324	0.014764472
1325	0.014998828
1326	0.015233185
1327	0.015467542
1328	0.015701898
1329	0.016053433
1330	0.016404968
1331	0.016756503
1332	0.017108038
1333	0.017576752
1334	0.017928287
1335	0.018397
1336	0.018982892
1337	0.019451605
1338	0.020037497
1339	0.020623389
1340	0.021326459
1341	0.022029529
1342	0.022849777
1343	0.023670026
1344	0.024607453
1345	0.025544879
1346	0.026599484
1347	0.027771268
1348	0.028943051
1349	0.030349191
1350	0.031755332
1351	0.033395828
1352	0.035153504
1353	0.037145536
1354	0.039254746
1355	0.041715491
1356	0.044293415
1357	0.047340052
1358	0.050621045
1359	0.054370752
1360	0.058706351
1361	0.063510663
1362	0.069018045
1363	0.075462854
1364	0.082962269
1365	0.091750644
1366	0.102062339
1367	0.114366065
1368	0.129247715
1369	0.14729318
1370	0.169439888
1371	0.196976799
1372	0.231192876
1373	0.273845793
1374	0.326576049
1375	0.389969534
1376	0.461565503
1377	0.533630185
1378	0.592688071
1379	0.626201078
1380	0.632528709
1381	0.622802906
1382	0.61120225
1383	0.604757441
1384	0.601476447
1385	0.59491446
1386	0.581556128
1387	0.562104523
1388	0.538786032
1389	0.515116007
1390	0.496719006
1391	0.489922662
1392	0.498007968
1393	0.520154675
1394	0.549449262
1395	0.572650574
1396	0.573939536
1397	0.544996485
1398	0.491211624
1399	0.426529177
1400	0.363252871
1401	0.30806187
1402	0.26271385
1403	0.226505742
1404	0.198031404
1405	0.175767518
1406	0.158425123
1407	0.145066792
1408	0.134989454
1409	0.127607218
1410	0.122451371
1411	0.119521912
1412	0.118584486
1413	0.119639091
1414	0.122920084
1415	0.128661823
1416	0.137098664
1417	0.149050855
1418	0.165104289
1419	0.186313569
1420	0.21385048
1421	0.248418092
1422	0.289782048
1423	0.335598781
1424	0.379775018
1425	0.413522381
1426	0.428989923
1427	0.423131005
1428	0.399695336
1429	0.368408718
1430	0.338645418
1431	0.315795641
1432	0.299976564
1433	0.287790016
1434	0.273845793
1435	0.254159831
1436	0.228849309
1437	0.200609327
1438	0.173189595
1439	0.148816499
1440	0.128427467
1441	0.111788142
1442	0.098312632
1443	0.087415046
1444	0.07862667
1445	0.071478791
1446	0.065619873
1447	0.060815561
1448	0.056714319
1449	0.053433326
1450	0.050621045
1451	0.048394657
1452	0.046519803
1453	0.044996485
1454	0.043707523
1455	0.042887274
1456	0.042184204
1457	0.041832669
1458	0.041715491
1459	0.041949848
1460	0.042301383
1461	0.043004453
1462	0.044059058
1463	0.04534802
1464	0.046988517
1465	0.049097727
1466	0.051792829
1467	0.054956644
1468	0.058823529
1469	0.063627842
1470	0.069486759
1471	0.076634638
1472	0.085423014
1473	0.096437778
1474	0.110147645
1475	0.127372861
1476	0.149168034
1477	0.176822123
1478	0.211624092
1479	0.254159831
1480	0.303491915
1481	0.355050387
1482	0.398523553
1483	0.421724865
1484	0.41785798
1485	0.391375674
1486	0.35411296
1487	0.315092571
1488	0.277712679
1489	0.241973283
1490	0.207991563
1491	0.17705648
1492	0.150339817
1493	0.12819311
1494	0.110147645
1495	0.09561753
1496	0.083899695
1497	0.074408249
1498	0.066674479
1499	0.060346848
1500	0.055073822
1501	0.050738224
1502	0.047105695
1503	0.04394188
1504	0.041363956
1505	0.039137567
1506	0.037262714
1507	0.035739395
1508	0.034333255
1509	0.03327865
1510	0.032341223
1511	0.031638153
1512	0.031052262
1513	0.030583548
1514	0.030232013
1515	0.030114835
1516	0.030114835
1517	0.030114835
1518	0.030349191
1519	0.030817905
1520	0.031286618
1521	0.031989688
1522	0.032809937
1523	0.033864542
1524	0.035036325
1525	0.036559644
1526	0.038317319
1527	0.040426529
1528	0.042887274
1529	0.045816733
1530	0.049332083
1531	0.053550504
1532	0.058706351
1533	0.064916803
1534	0.072650574
1535	0.08214202
1536	0.093977033
1537	0.108975861
1538	0.127607218
1539	0.150808531
1540	0.17846262
1541	0.209163347
1542	0.238809468
1543	0.260135927
1544	0.266580736
1545	0.256620577
1546	0.236231544
1547	0.212913054
1548	0.192406843
1549	0.177408015
1550	0.168736817
1551	0.166393251
1552	0.170377314
1553	0.180806187
1554	0.197679869
1555	0.220646824
1556	0.247832201
1557	0.274548863
1558	0.293297399
1559	0.297750176
1560	0.287321303
1561	0.268221233
1562	0.248535271
1563	0.233770799
1564	0.226857277
1565	0.228497774
1566	0.238575111
1567	0.255214436
1568	0.274197328
1569	0.288141551
1570	0.289430513
1571	0.27478322
1572	0.248300914
1573	0.217365831
1574	0.187836888
1575	0.162760722
1576	0.142606046
1577	0.127138505
1578	0.11542067
1579	0.106866651
1580	0.100890555
1581	0.097258027
1582	0.095500352
1583	0.095734708
1584	0.09772674
1585	0.101710804
1586	0.108038434
1587	0.116943989
1588	0.129013358
1589	0.144949613
1590	0.165455824
1591	0.190766346
1592	0.220060933
1593	0.249941411
1594	0.274197328
1595	0.285212093
1596	0.279704711
1597	0.26130771
1598	0.237754863
1599	0.215608156
1600	0.19826576
1601	0.186782283
1602	0.181157722
1603	0.1812749
1604	0.186899461
1605	0.198382939
1606	0.216194047
1607	0.24150457
1608	0.275837825
1609	0.321068667
1610	0.379189126
1611	0.451019452
1612	0.534333255
1613	0.619639091
1614	0.688188423
1615	0.717717366
1616	0.696742442
1617	0.635223811
1618	0.555425357
1619	0.477150223
1620	0.410827279
1621	0.359971877
1622	0.32434966
1623	0.302671666
1624	0.293531755
1625	0.294820717
1626	0.303609093
1627	0.314037966
1628	0.318139208
1629	0.308647762
1630	0.284391844
1631	0.250761659
1632	0.215256621
1633	0.182681041
1634	0.155026951
1635	0.132294352
1636	0.113897352
1637	0.099015702
1638	0.086946332
1639	0.076986173
1640	0.068783689
1641	0.061870166
1642	0.056128427
1643	0.051089759
1644	0.046871338
1645	0.043121631
1646	0.039957816
1647	0.037028357
1648	0.034567612
1649	0.032341223
1650	0.030232013
1651	0.028474338
1652	0.026833841
1653	0.025310523
1654	0.024021561
1655	0.022732599
1656	0.021677994
1657	0.020623389
1658	0.019685962
1659	0.018748535
1660	0.017928287
1661	0.017225217
1662	0.016522147
1663	0.015819077
1664	0.015233185
1665	0.014647293
1666	0.014061401
1667	0.013592688
1668	0.013123975
1669	0.012655261
1670	0.012186548
1671	0.011835013
1672	0.011483478
1673	0.011131943
1674	0.010780408
1675	0.010428873
1676	0.010077338
1677	0.009842981
1678	0.009608624
1679	0.009257089
1680	0.009022733
1681	0.008788376
1682	0.008554019
1683	0.008319663
1684	0.008085306
1685	0.007968127
1686	0.007733771
1687	0.007499414
1688	0.007382236
1689	0.007147879
1690	0.007030701
1691	0.006913522
1692	0.006679166
1693	0.006561987
1694	0.006444809
1695	0.006327631
1696	0.006210452
1697	0.005976096
1698	0.005858917
1699	0.005741739
1700	0.005624561
1701	0.005507382
1702	0.005507382
1703	0.005390204
1704	0.005273026
1705	0.005155847
1706	0.005038669
1707	0.004921491
1708	0.004921491
1709	0.004804312
1710	0.004687134
1711	0.004569955
1712	0.004569955
1713	0.004452777
1714	0.004335599
1715	0.004335599
1716	0.00421842
1717	0.00421842
1718	0.004101242
1719	0.004101242
1720	0.003984064
1721	0.003866885
1722	0.003866885
1723	0.003749707
1724	0.003749707
1725	0.003632529
1726	0.003632529
1727	0.003632529
1728	0.00351535
1729	0.00351535
1730	0.003398172
1731	0.003398172
1732	0.003280994
1733	0.003280994
1734	0.003280994
1735	0.003163815
1736	0.003163815
1737	0.003163815
1738	0.003046637
1739	0.003046637
1740	0.003046637
1741	0.002929459
1742	0.002929459
1743	0.002929459
1744	0.00281228
1745	0.00281228
1746	0.00281228
1747	0.002695102
1748	0.002695102
1749	0.002695102
1750	0.002577924
1751	0.002577924
1752	0.002577924
1753	0.002577924
1754	0.002460745
1755	0.002460745
1756	0.002460745
1757	0.002460745
1758	0.002343567
1759	0.002343567
1760	0.002343567
1761	0.002343567
1762	0.002343567
1763	0.002226389
1764	0.002226389
1765	0.002226389
1766	0.002226389
1767	0.002226389
1768	0.00210921
1769	0.00210921
1770	0.00210921
1771	0.00210921
1772	0.00210921
1773	0.001992032
1774	0.001992032
1775	0.001992032
1776	0.001992032
1777	0.001992032
1778	0.001874854
1779	0.001874854
1780	0.001874854
1781	0.001874854
1782	0.001874854
1783	0.001874854
1784	0.001874854
1785	0.001757675
1786	0.001757675
1787	0.001757675
1788	0.001757675
1789	0.001757675
1790	0.001757675
1791	0.001757675
1792	0.001640497
1793	0.001640497
1794	0.001640497
1795	0.001640497
1796	0.001640497
1797	0.001640497
1798	0.001640497
1799	0.001523318
1800	0.001523318
1801	0.001523318
1802	0.001523318
1803	0.001523318
1804	0.001523318
1805	0.001523318
1806	0.001523318
1807	0.001523318
1808	0.00140614
1809	0.00140614
1810	0.00140614
1811	0.00140614
1812	0.00140614
1813	0.00140614
1814	0.00140614
1815	0.00140614
1816	0.00140614
1817	0.00140614
1818	0.001288962
1819	0.001288962
1820	0.001288962
1821	0.001288962
1822	0.001288962
1823	0.001288962
1824	0.001288962
1825	0.001288962
1826	0.001288962
1827	0.001288962
1828	0.001288962
1829	0.001171783
1830	0.001171783
1831	0.001171783
1832	0.001171783
1833	0.001171783
1834	0.001171783
1835	0.001171783
1836	0.001171783
1837	0.001171783
1838	0.001171783
1839	0.001171783
1840	0.001171783
1841	0.001054605
1842	0.001054605
1843	0.001054605
1844	0.001054605
1845	0.001054605
1846	0.001054605
1847	0.001054605
1848	0.001054605
1849	0.001054605
1850	0.001054605
1851	0.001054605
1852	0.001054605
1853	0.001054605
1854	0.001054605
1855	0.001054605
1856	0.000937427
1857	0.000937427
1858	0.000937427
1859	0.000937427
1860	0.000937427
1861	0.000937427
1862	0.000937427
1863	0.000937427
1864	0.000937427
1865	0.000937427
1866	0.000937427
1867	0.000937427
1868	0.000937427
1869	0.000937427
1870	0.000937427
1871	0.000937427
1872	0.000937427
1873	0.000937427
1874	0.000820248
1875	0.000820248
1876	0.000820248
1877	0.000820248
1878	0.000820248
1879	0.000820248
1880	0.000820248
1881	0.000820248
1882	0.000820248
1883	0.000820248
1884	0.000820248
1885	0.000820248
1886	0.000820248
1887	0.000820248
1888	0.000820248
1889	0.000820248
1890	0.000820248
1891	0.000820248
1892	0.000820248
1893	0.000820248
1894	0.00070307
1895	0.00070307
1896	0.00070307
1897	0.00070307
1898	0.00070307
1899	0.00070307
1900	0.00070307
1901	0.00070307
1902	0.00070307
1903	0.00070307
1904	0.00070307
1905	0.00070307
1906	0.00070307
1907	0.00070307
1908	0.00070307
1909	0.00070307
1910	0.00070307
1911	0.00070307
1912	0.00070307
1913	0.00070307
1914	0.00070307
1915	0.00070307
1916	0.00070307
1917	0.00070307
1918	0.00070307
1919	0.00070307
1920	0.000585892
1921	0.000585892
1922	0.000585892
1923	0.000585892
1924	0.000585892
1925	0.000585892
1926	0.000585892
1927	0.000585892
1928	0.000585892
1929	0.000585892
1930	0.000585892
1931	0.000585892
1932	0.000585892
1933	0.000585892
1934	0.000585892
1935	0.000585892
1936	0.000585892
1937	0.000585892
1938	0.000585892
1939	0.000585892
1940	0.000585892
1941	0.000585892
1942	0.000585892
1943	0.000585892
1944	0.000585892
1945	0.000585892
1946	0.000585892
1947	0.000585892
1948	0.000585892
1949	0.000585892
1950	0.000585892
1951	0.000585892
1952	0.000468713
1953	0.000468713
1954	0.000468713
1955	0.000468713
1956	0.000468713
1957	0.000468713
1958	0.000468713
1959	0.000468713
1960	0.000468713
1961	0.000468713
1962	0.000468713
1963	0.000468713
1964	0.000468713
1965	0.000468713
1966	0.000468713
1967	0.000468713
1968	0.000468713
1969	0.000468713
1970	0.000468713
1971	0.000468713
1972	0.000468713
1973	0.000468713
1974	0.000468713
1975	0.000468713
1976	0.000468713
1977	0.000468713
1978	0.000468713
1979	0.000468713
1980	0.000468713
1981	0.000468713
1982	0.000468713
1983	0.000468713
1984	0.000468713
1985	0.000468713
1986	0.000468713
1987	0.000468713
1988	0.000468713
1989	0.000468713
1990	0.000468713
1991	0.000468713
1992	0.000468713
1993	0.000351535
1994	0.000351535
1995	0.000351535
1996	0.000351535
1997	0.000351535
1998	0.000351535
1999	0.000351535
2000	0.000351535
2001	0.000351535
2002	0.000351535
2003	0.000351535
2004	0.000351535
2005	0.000351535
2006	0.000351535
2007	0.000351535
2008	0.000351535
2009	0.000351535
2010	0.000351535
2011	0.000351535
2012	0.000351535
2013	0.000351535
2014	0.000351535
2015	0.000351535
2016	0.000351535
2017	0.000351535
2018	0.000351535
2019	0.000351535
2020	0.000351535
2021	0.000351535
2022	0.000351535
2023	0.000351535
2024	0.000351535
2025	0.000351535
2026	0.000351535
2027	0.000351535
2028	0.000351535
2029	0.000351535
2030	0.000351535
2031	0.000351535
2032	0.000351535
2033	0.000351535
2034	0.000351535
2035	0.000351535
2036	0.000351535
2037	0.000351535
2038	0.000351535
2039	0.000351535
2040	0.000351535
2041	0.000351535
2042	0.000351535
2043	0.000351535
2044	0.000351535
2045	0.000351535
2046	0.000351535
2047	0.000351535
2048	0.000351535
2049	0.000234357
2050	0.000234357
2051	0.000234357
2052	0.000234357
2053	0.000234357
2054	0.000234357
2055	0.000234357
2056	0.000234357
2057	0.000234357
2058	0.000234357
2059	0.000234357
2060	0.000234357
2061	0.000234357
2062	0.000234357
2063	0.000234357
2064	0.000234357
2065	0.000234357
2066	0.000234357
2067	0.000234357
2068	0.000234357
2069	0.000234357
2070	0.000234357
2071	0.000234357
2072	0.000234357
2073	0.000234357
2074	0.000234357
2075	0.000234357
2076	0.000234357
2077	0.000234357
2078	0.000234357
2079	0.000234357
2080	0.000234357
2081	0.000234357
2082	0.000234357
2083	0.000234357
2084	0.000234357
2085	0.000234357
2086	0.000234357
2087	0.000234357
2088	0.000234357
2089	0.000234357
2090	0.000234357
2091	0.000234357
2092	0.000234357
2093	0.000234357
2094	0.000234357
2095	0.000234357
2096	0.000234357
2097	0.000234357
2098	0.000234357
2099	0.000234357
2100	0.000234357
2101	0.000234357
2102	0.000234357
2103	0.000234357
2104	0.000234357
2105	0.000234357
2106	0.000234357
2107	0.000234357
2108	0.000234357
2109	0.000234357
2110	0.000234357
2111	0.000234357
2112	0.000234357
2113	0.000234357
2114	0.000234357
2115	0.000234357
2116	0.000234357
2117	0.000234357
2118	0.000234357
2119	0.000234357
2120	0.000234357
2121	0.000234357
2122	0.000234357
2123	0.000234357
2124	0.000234357
2125	0.000234357
2126	0.000234357
2127	0.000234357
2128	0.000234357
2129	0.000234357
2130	0.000234357
2131	0.000234357
2132	0.000117178
2133	0.000117178
2134	0.000117178
2135	0.000117178
2136	0.000117178
2137	0.000117178
2138	0.000117178
2139	0.000117178
2140	0.000117178
2141	0.000117178
2142	0.000117178
2143	0.000117178
2144	0.000117178
2145	0.000117178
2146	0.000117178
2147	0.000117178
2148	0.000117178
2149	0.000117178
2150	0.000117178
2151	0.000117178
2152	0.000117178
2153	0.000117178
2154	0.000117178
2155	0.000117178
2156	0.000117178
2157	0.000117178
2158	0.000117178
2159	0.000117178
2160	0.000117178
2161	0.000117178
2162	0.000117178
2163	0.000117178
2164	0.000117178
2165	0.000117178
2166	0.000117178
2167	0.000117178
2168	0.000117178
2169	0.000117178
2170	0.000117178
2171	0.000117178
2172	0.000117178
2173	0.000117178
2174	0.000117178
2175	0.000117178
2176	0.000117178
2177	0.000117178
2178	0.000117178
2179	0.000117178
2180	0.000117178
2181	0.000117178
2182	0.000117178
2183	0.000117178
2184	0.000117178
2185	0.000117178
2186	0.000117178
2187	0.000117178
2188	0.000117178
2189	0.000117178
2190	0.000117178
2191	0.000117178
2192	0.000117178
2193	0.000117178
2194	0.000117178
2195	0.000117178
2196	0.000117178
2197	0.000117178
2198	0.000117178
2199	0.000117178
2200	0.000117178
2201	0.000117178
2202	0.000117178
2203	0.000117178
2204	0.000117178
2205	0.000117178
2206	0.000117178
2207	0.000117178
2208	0.000117178
2209	0.000117178
2210	0.000117178
2211	0.000117178
2212	0.000117178
2213	0.000117178
2214	0.000117178
2215	0.000117178
2216	0.000117178
2217	0.000117178
2218	0.000117178
2219	0.000117178
2220	0.000117178
2221	0.000117178
2222	0.000117178
2223	0.000117178
2224	0.000117178
2225	0.000117178
2226	0.000117178
2227	0.000117178
2228	0.000117178
2229	0.000117178
2230	0.000117178
2231	0.000117178
2232	0.000117178
2233	0.000117178
2234	0.000117178
2235	0.000117178
2236	0.000117178
2237	0.000117178
2238	0.000117178
2239	0.000117178
2240	0.000117178
2241	0.000117178
2242	0.000117178
2243	0.000117178
2244	0.000117178
2245	0.000117178
2246	0.000117178
2247	0.000117178
2248	0.000117178
2249	0.000117178
2250	0.000117178
2251	0.000117178
2252	0.000117178
2253	0.000117178
2254	0.000117178
2255	0.000117178
2256	0.000117178
2257	0.000117178
2258	0.000117178
2259	0.000117178
2260	0.000117178
2261	0.000117178
2262	0.000117178
2263	0.000117178
2264	0.000117178
2265	0.000117178
2266	0.000117178
2267	0.000117178
2268	0.000117178
2269	0.000117178
2270	0.000117178
2271	0.000117178
2272	0.000117178
2273	0.000117178
2274	0.000117178
2275	0.000117178
2276	0.000117178
2277	0
2278	0
2279	0
2280	0
2281	0
2282	0
2283	0
2284	0
2285	0
2286	0
2287	0
2288	0
2289	0
2290	0
2291	0
2292	0
2293	0
2294	0
2295	0
2296	0
2297	0
2298	0
2299	0
2300	0
2301	0
2302	0
2303	0
2304	0
2305	0
2306	0
2307	0
2308	0
2309	0
2310	0
2311	0
2312	0
2313	0
2314	0
2315	0
2316	0
2317	0
2318	0
2319	0
2320	0
2321	0
2322	0
2323	0
2324	0
2325	0
2326	0
2327	0
2328	0
2329	0
2330	0
2331	0
2332	0
2333	0
2334	0
2335	0
2336	0
2337	0
2338	0
2339	0
2340	0
2341	0
2342	0
2343	0
2344	0
2345	0
2346	0
2347	0
2348	0
2349	0
2350	0
2351	0
2352	0
2353	0
2354	0
2355	0
2356	0
2357	0
2358	0
2359	0
2360	0
2361	0
2362	0
2363	0
2364	0
2365	0
2366	0
2367	0
2368	0
2369	0
2370	0
2371	0
2372	0
2373	0
2374	0
2375	0
2376	0
2377	0
2378	0
2379	0
2380	0
2381	0
2382	0
2383	0
2384	0
2385	0
2386	0
2387	0
2388	0
2389	0
2390	0
2391	0
2392	0
2393	0
2394	0
2395	0
2396	0
2397	0
2398	0
2399	0
2400	0
2401	0
2402	0
2403	0
2404	0
2405	0
2406	0
2407	0
2408	0
2409	0
2410	0
2411	0
2412	0
2413	0
2414	0
2415	0
2416	0
2417	0
2418	0
2419	0
2420	0
2421	0
2422	0
2423	0
2424	0
2425	0
2426	0
2427	0
2428	0
2429	0
2430	0
2431	0
2432	0
2433	0
2434	0
2435	0
2436	0
2437	0
2438	0
2439	0
2440	0
2441	0
2442	0
2443	0
2444	0
2445	0
2446	0
2447	0
2448	0
2449	0
2450	0
2451	0
2452	0
2453	0
2454	0
2455	0
2456	0
2457	0
2458	0
2459	0
2460	0
2461	0
2462	0
2463	0
2464	0
2465	0
2466	0
2467	0
2468	0
2469	0
2470	0
2471	0
2472	0
2473	0
2474	0
2475	0
2476	0
2477	0
2478	0
2479	0
2480	0
2481	0
2482	0
2483	0
2484	0
2485	0
2486	0
2487	0
2488	0
2489	0
2490	0
2491	0
2492	0
2493	0
2494	0
2495	0
2496	0
2497	0
2498	0
2499	0
2500	0
2501	0
2502	0
2503	0
2504	0
2505	0
2506	0
2507	0
2508	0
2509	0
2510	0
2511	0
2512	0
2513	0
2514	0
2515	0
2516	0
2517	0
2518	0
2519	0
2520	0
2521	0
2522	0
2523	0
2524	0
2525	0
2526	0
2527	0
2528	0
2529	0
2530	0
2531	0
2532	0
2533	0
2534	0
2535	0
2536	0
2537	0
2538	0
2539	0
2540	0
2541	0
2542	0
2543	0
2544	0
2545	0
2546	0
2547	0
2548	0
2549	0
2550	0
2551	0
2552	0
2553	0
2554	0
2555	0
2556	0
2557	0
2558	0
2559	0
2560	0
2561	0
2562	0
2563	0
2564	0
2565	0
2566	0
2567	0
2568	0
2569	0
2570	0
2571	0
2572	0
2573	0
2574	0
2575	0
2576	0
2577	0
2578	0
2579	0
2580	0
2581	0
2582	0
2583	0
2584	0
2585	0
2586	0
2587	0
2588	0
2589	0
2590	0
2591	0
2592	0
2593	0
2594	0
2595	0
2596	0
2597	0
2598	0
2599	0
2600	0
2601	0
2602	0
2603	0
2604	0
2605	0
2606	0
2607	0
2608	0
2609	0
2610	0
2611	0
2612	0
2613	0
2614	0
2615	0
2616	0
2617	0
2618	0
2619	0
2620	0
2621	0
2622	0
2623	0
2624	0
2625	0
2626	0
2627	0
2628	0
2629	0
2630	0
2631	0
2632	0
2633	0
2634	0
2635	0
2636	0
2637	0
2638	0
2639	0
2640	0
2641	0
2642	0
2643	0
2644	0
2645	0
2646	0
2647	0
2648	0
2649	0
2650	0
2651	0
2652	0
2653	0
2654	0
2655	0
2656	0
2657	0
2658	0
2659	0
2660	0
2661	0
2662	0
2663	0
2664	0
2665	0
2666	0
2667	0
2668	0
2669	0
2670	0
2671	0
2672	0.000117178
2673	0.000117178
2674	0.000117178
2675	0.000117178
2676	0.000117178
2677	0.000117178
2678	0.000117178
2679	0.000117178
2680	0.000117178
2681	0.000117178
2682	0.000117178
2683	0.000117178
2684	0.000117178
2685	0.000117178
2686	0.000117178
2687	0.000117178
2688	0.000117178
2689	0.000117178
2690	0.000117178
2691	0.000117178
2692	0.000117178
2693	0.000117178
2694	0.000117178
2695	0.000117178
2696	0.000117178
2697	0.000117178
2698	0.000117178
2699	0.000117178
2700	0.000117178
2701	0.000117178
2702	0.000117178
2703	0.000117178
2704	0.000117178
2705	0.000117178
2706	0.000117178
2707	0.000117178
2708	0.000117178
2709	0.000117178
2710	0.000117178
2711	0.000117178
2712	0.000117178
2713	0.000117178
2714	0.000117178
2715	0.000117178
2716	0.000117178
2717	0.000117178
2718	0.000117178
2719	0.000117178
2720	0.000117178
2721	0.000117178
2722	0.000117178
2723	0.000117178
2724	0.000117178
2725	0.000117178
2726	0.000117178
2727	0.000117178
2728	0.000117178
2729	0.000117178
2730	0.000117178
2731	0.000117178
2732	0.000117178
2733	0.000117178
2734	0.000117178
2735	0.000117178
2736	0.000117178
2737	0.000117178
2738	0.000117178
2739	0.000117178
2740	0.000117178
2741	0.000117178
2742	0.000117178
2743	0.000117178
2744	0.000117178
2745	0.000117178
2746	0.000117178
2747	0.000117178
2748	0.000117178
2749	0.000117178
2750	0.000117178
2751	0.000117178
2752	0.000117178
2753	0.000117178
2754	0.000117178
2755	0.000117178
2756	0.000117178
2757	0.000117178
2758	0.000117178
2759	0.000117178
2760	0.000117178
2761	0.000117178
2762	0.000117178
2763	0.000117178
2764	0.000117178
2765	0.000117178
2766	0.000234357
2767	0.000234357
2768	0.000234357
2769	0.000234357
2770	0.000234357
2771	0.000234357
2772	0.000234357
2773	0.000234357
2774	0.000234357
2775	0.000234357
2776	0.000234357
2777	0.000234357
2778	0.000234357
2779	0.000234357
2780	0.000234357
2781	0.000234357
2782	0.000234357
2783	0.000234357
2784	0.000234357
2785	0.000234357
2786	0.000234357
2787	0.000234357
2788	0.000234357
2789	0.000234357
2790	0.000234357
2791	0.000234357
2792	0.000234357
2793	0.000234357
2794	0.000234357
2795	0.000234357
2796	0.000234357
2797	0.000234357
2798	0.000234357
2799	0.000234357
2800	0.000234357
2801	0.000234357
2802	0.000234357
2803	0.000234357
2804	0.000234357
2805	0.000234357
2806	0.000234357
2807	0.000234357
2808	0.000234357
2809	0.000234357
2810	0.000234357
2811	0.000234357
2812	0.000234357
2813	0.000234357
2814	0.000351535
2815	0.000351535
2816	0.000351535
2817	0.000351535
2818	0.000351535
2819	0.000351535
2820	0.000351535
2821	0.000351535
2822	0.000351535
2823	0.000351535
2824	0.000351535
2825	0.000351535
2826	0.000351535
2827	0.000351535
2828	0.000351535
2829	0.000351535
2830	0.000351535
2831	0.000351535
2832	0.000351535
2833	0.000351535
2834	0.000351535
2835	0.000351535
2836	0.000351535
2837	0.000351535
2838	0.000351535
2839	0.000351535
2840	0.000351535
2841	0.000351535
2842	0.000351535
2843	0.000351535
2844	0.000351535
2845	0.000351535
2846	0.000468713
2847	0.000468713
2848	0.000468713
2849	0.000468713
2850	0.000468713
2851	0.000468713
2852	0.000468713
2853	0.000468713
2854	0.000468713
2855	0.000468713
2856	0.000468713
2857	0.000468713
2858	0.000468713
2859	0.000468713
2860	0.000468713
2861	0.000468713
2862	0.000468713
2863	0.000468713
2864	0.000468713
2865	0.000468713
2866	0.000468713
2867	0.000468713
2868	0.000468713
2869	0.000585892
2870	0.000585892
2871	0.000585892
2872	0.000585892
2873	0.000585892
2874	0.000585892
2875	0.000585892
2876	0.000585892
2877	0.000585892
2878	0.000585892
2879	0.000585892
2880	0.000585892
2881	0.000585892
2882	0.000585892
2883	0.000585892
2884	0.000585892
2885	0.000585892
2886	0.000585892
2887	0.00070307
2888	0.00070307
2889	0.00070307
2890	0.00070307
2891	0.00070307
2892	0.00070307
2893	0.00070307
2894	0.00070307
2895	0.00070307
2896	0.00070307
2897	0.00070307
2898	0.00070307
2899	0.00070307
2900	0.00070307
2901	0.00070307
2902	0.000820248
2903	0.000820248
2904	0.000820248
2905	0.000820248
2906	0.000820248
2907	0.000820248
2908	0.000820248
2909	0.000820248
2910	0.000820248
2911	0.000820248
2912	0.000820248
2913	0.000820248
2914	0.000937427
2915	0.000937427
2916	0.000937427
2917	0.000937427
2918	0.000937427
2919	0.000937427
2920	0.000937427
2921	0.000937427
2922	0.000937427
2923	0.000937427
2924	0.001054605
2925	0.001054605
2926	0.001054605
2927	0.001054605
2928	0.001054605
2929	0.001054605
2930	0.001054605
2931	0.001054605
2932	0.001054605
2933	0.001171783
2934	0.001171783
2935	0.001171783
2936	0.001171783
2937	0.001171783
2938	0.001171783
2939	0.001171783
2940	0.001288962
2941	0.001288962
2942	0.001288962
2943	0.001288962
2944	0.001288962
2945	0.001288962
2946	0.001288962
2947	0.00140614
2948	0.00140614
2949	0.00140614
2950	0.00140614
2951	0.00140614
2952	0.00140614
2953	0.001523318
2954	0.001523318
2955	0.001523318
2956	0.001523318
2957	0.001523318
2958	0.001640497
2959	0.001640497
2960	0.001640497
2961	0.001640497
2962	0.001640497
2963	0.001757675
2964	0.001757675
2965	0.001757675
2966	0.001757675
2967	0.001757675
2968	0.001874854
2969	0.001874854
2970	0.001874854
2971	0.001874854
2972	0.001992032
2973	0.001992032
2974	0.001992032
2975	0.001992032
2976	0.00210921
2977	0.00210921
2978	0.00210921
2979	0.002226389
2980	0.002226389
2981	0.002226389
2982	0.002343567
2983	0.002343567
2984	0.002343567
2985	0.002460745
2986	0.002460745
2987	0.002460745
2988	0.002577924
2989	0.002577924
2990	0.002577924
2991	0.002695102
2992	0.002695102
2993	0.00281228
2994	0.00281228
2995	0.00281228
2996	0.002929459
2997	0.002929459
2998	0.003046637
2999	0.003046637
3000	0.003163815
3001	0.003163815
3002	0.003280994
3003	0.003280994
3004	0.003398172
3005	0.003398172
3006	0.00351535
3007	0.003632529
3008	0.003632529
3009	0.003749707
3010	0.003866885
3011	0.003866885
3012	0.003984064
3013	0.004101242
3014	0.004101242
3015	0.00421842
3016	0.004335599
3017	0.004452777
3018	0.004452777
3019	0.004569955
3020	0.004687134
3021	0.004804312
3022	0.004921491
3023	0.005038669
3024	0.005155847
3025	0.005273026
3026	0.005390204
3027	0.005507382
3028	0.005624561
3029	0.005741739
3030	0.005976096
3031	0.006093274
3032	0.006210452
3033	0.006444809
3034	0.006561987
3035	0.006796344
3036	0.006913522
3037	0.007147879
3038	0.007265057
3039	0.007499414
3040	0.007733771
3041	0.007968127
3042	0.008202484
3043	0.008436841
3044	0.008671198
3045	0.008905554
3046	0.009139911
3047	0.009491446
3048	0.009725803
3049	0.010077338
3050	0.010311694
3051	0.010663229
3052	0.011014764
3053	0.011483478
3054	0.011835013
3055	0.012186548
3056	0.012655261
3057	0.013123975
3058	0.013592688
3059	0.014061401
3060	0.014647293
3061	0.015233185
3062	0.015819077
3063	0.016404968
3064	0.017108038
3065	0.017811109
3066	0.018631357
3067	0.019451605
3068	0.020271854
3069	0.021209281
3070	0.022146707
3071	0.023201312
3072	0.024373096
3073	0.025662058
3074	0.026951019
3075	0.02835716
3076	0.029880478
3077	0.031520975
3078	0.033395828
3079	0.03538786
3080	0.037497071
3081	0.039957816
3082	0.042535739
3083	0.04534802
3084	0.048511835
3085	0.052144364
3086	0.056011249
3087	0.060464026
3088	0.065385517
3089	0.071010077
3090	0.077337708
3091	0.084602765
3092	0.092922428
3093	0.102531052
3094	0.113780173
3095	0.126904148
3096	0.142606046
3097	0.161237403
3098	0.183735646
3099	0.211155378
3100	0.244902742
3101	0.28685259
3102	0.33923131
3103	0.404968362
3104	0.486876025
3105	0.586946332
3106	0.702952894
3107	0.825169909
3108	0.932388095
3109	0.996719006
3110	1
3111	0.94832435
3112	0.867705648
3113	0.786501055
3114	0.723341926
3115	0.687016639
3116	0.680337474
3117	0.703421608
3118	0.754394188
3119	0.827044762
3120	0.907077572
3121	0.971056949
3122	0.993203656
3123	0.958987579
3124	0.874384814
3125	0.761073354
3126	0.642957581
3127	0.535622217
3128	0.444926178
3129	0.371338177
3130	0.312397469
3131	0.265408952
3132	0.227560347
3133	0.197093977
3134	0.172134989
3135	0.151628779
3136	0.134520741
3137	0.120107804
3138	0.107921256
3139	0.097492383
3140	0.088586829
3141	0.08073588
3142	0.074056714
3143	0.068080619
3144	0.062807593
3145	0.058120459
3146	0.054019217
3147	0.05026951
3148	0.046871338
3149	0.043824701
3150	0.041129599
3151	0.038668854
3152	0.036442465
3153	0.034333255
3154	0.032458402
3155	0.030700727
3156	0.02906023
3157	0.02765409
3158	0.026247949
3159	0.024958988
3160	0.023787204
3161	0.022732599
3162	0.021677994
3163	0.020740567
3164	0.01980314
3165	0.018982892
3166	0.018162644
3167	0.017459573
3168	0.016756503
3169	0.016053433
3170	0.015467542
3171	0.01488165
3172	0.014295758
3173	0.013827045
3174	0.013358331
3175	0.012889618
3176	0.012420905
3177	0.011952191
3178	0.011600656
3179	0.011249121
3180	0.010897586
3181	0.010546051
3182	0.010194516
3183	0.009842981
3184	0.009608624
3185	0.009257089
3186	0.009022733
3187	0.008788376
3188	0.008436841
3189	0.008202484
3190	0.007968127
3191	0.007850949
3192	0.007616592
3193	0.007382236
3194	0.007147879
3195	0.007030701
3196	0.006796344
3197	0.006679166
3198	0.006444809
3199	0.006327631
3200	0.006093274
3201	0.005976096
3202	0.005858917
3203	0.005741739
3204	0.005624561
3205	0.005390204
3206	0.005273026
3207	0.005155847
3208	0.005038669
3209	0.004921491
3210	0.004804312
3211	0.004687134
3212	0.004687134
3213	0.004569955
3214	0.004452777
3215	0.004335599
3216	0.00421842
3217	0.004101242
3218	0.004101242
3219	0.003984064
3220	0.003866885
3221	0.003866885
3222	0.003749707
3223	0.003632529
3224	0.003632529
3225	0.00351535
3226	0.00351535
3227	0.003398172
3228	0.003280994
3229	0.003280994
3230	0.003163815
