# v / cm^-1  DOS / states (q-point cm^-1)^-1
  -110.000    0.1078
  -109.000    0.1088
  -108.000    0.1097
  -107.000    0.1107
  -106.000    0.1117
  -105.000    0.1127
  -104.000    0.1138
  -103.000    0.1148
  -102.000    0.1159
  -101.000    0.1170
  -100.000    0.1181
   -99.000    0.1192
   -98.000    0.1203
   -97.000    0.1215
   -96.000    0.1227
   -95.000    0.1239
   -94.000    0.1251
   -93.000    0.1263
   -92.000    0.1276
   -91.000    0.1289
   -90.000    0.1302
   -89.000    0.1316
   -88.000    0.1329
   -87.000    0.1343
   -86.000    0.1358
   -85.000    0.1372
   -84.000    0.1387
   -83.000    0.1402
   -82.000    0.1417
   -81.000    0.1433
   -80.000    0.1449
   -79.000    0.1466
   -78.000    0.1482
   -77.000    0.1499
   -76.000    0.1517
   -75.000    0.1535
   -74.000    0.1553
   -73.000    0.1572
   -72.000    0.1591
   -71.000    0.1610
   -70.000    0.1630
   -69.000    0.1650
   -68.000    0.1671
   -67.000    0.1692
   -66.000    0.1714
   -65.000    0.1737
   -64.000    0.1760
   -63.000    0.1783
   -62.000    0.1807
   -61.000    0.1832
   -60.000    0.1857
   -59.000    0.1883
   -58.000    0.1910
   -57.000    0.1937
   -56.000    0.1965
   -55.000    0.1994
   -54.000    0.2024
   -53.000    0.2054
   -52.000    0.2086
   -51.000    0.2118
   -50.000    0.2152
   -49.000    0.2186
   -48.000    0.2221
   -47.000    0.2258
   -46.000    0.2295
   -45.000    0.2334
   -44.000    0.2374
   -43.000    0.2415
   -42.000    0.2458
   -41.000    0.2502
   -40.000    0.2548
   -39.000    0.2595
   -38.000    0.2644
   -37.000    0.2695
   -36.000    0.2747
   -35.000    0.2802
   -34.000    0.2859
   -33.000    0.2918
   -32.000    0.2979
   -31.000    0.3043
   -30.000    0.3110
   -29.000    0.3180
   -28.000    0.3253
   -27.000    0.3329
   -26.000    0.3409
   -25.000    0.3492
   -24.000    0.3580
   -23.000    0.3673
   -22.000    0.3771
   -21.000    0.3874
   -20.000    0.3983
   -19.000    0.4099
   -18.000    0.4222
   -17.000    0.4354
   -16.000    0.4496
   -15.000    0.4649
   -14.000    0.4814
   -13.000    0.4995
   -12.000    0.5193
   -11.000    0.5411
   -10.000    0.5654
    -9.000    0.5924
    -8.000    0.6222
    -7.000    0.6544
    -6.000    0.6880
    -5.000    0.7218
    -4.000    0.7550
    -3.000    0.7884
    -2.000    0.8242
    -1.000    0.8649
     0.000    0.9126
     1.000    0.9679
     2.000    1.0305
     3.000    1.0993
     4.000    1.1736
     5.000    1.2538
     6.000    1.3409
     7.000    1.4356
     8.000    1.5374
     9.000    1.6462
    10.000    1.7624
    11.000    1.8866
    12.000    2.0191
    13.000    2.1605
    14.000    2.3119
    15.000    2.4742
    16.000    2.6483
    17.000    2.8358
    18.000    3.0382
    19.000    3.2571
    20.000    3.4945
    21.000    3.7525
    22.000    4.0329
    23.000    4.3372
    24.000    4.6661
    25.000    5.0188
    26.000    5.3921
    27.000    5.7819
    28.000    6.1851
    29.000    6.6037
    30.000    7.0494
    31.000    7.5466
    32.000    8.1335
    33.000    8.8575
    34.000    9.7650
    35.000   10.8834
    36.000   12.2025
    37.000   13.6561
    38.000   15.1171
    39.000   16.4230
    40.000   17.4279
    41.000   18.0391
    42.000   18.2287
    43.000   18.0342
    44.000   17.5391
    45.000   16.8443
    46.000   16.0545
    47.000   15.2711
    48.000   14.5793
    49.000   14.0310
    50.000   13.6342
    51.000   13.3575
    52.000   13.1521
    53.000   12.9746
    54.000   12.7894
    55.000   12.5572
    56.000   12.2398
    57.000   11.8213
    58.000   11.3166
    59.000   10.7557
    60.000   10.1679
    61.000    9.5771
    62.000    9.0028
    63.000    8.4601
    64.000    7.9603
    65.000    7.5103
    66.000    7.1116
    67.000    6.7608
    68.000    6.4536
    69.000    6.1885
    70.000    5.9670
    71.000    5.7906
    72.000    5.6584
    73.000    5.5663
    74.000    5.5071
    75.000    5.4710
    76.000    5.4462
    77.000    5.4214
    78.000    5.3910
    79.000    5.3591
    80.000    5.3387
    81.000    5.3440
    82.000    5.3840
    83.000    5.4589
    84.000    5.5607
    85.000    5.6768
    86.000    5.7935
    87.000    5.8988
    88.000    5.9820
    89.000    6.0328
    90.000    6.0411
    91.000    5.9995
    92.000    5.9061
    93.000    5.7673
    94.000    5.5984
    95.000    5.4225
    96.000    5.2654
    97.000    5.1467
    98.000    5.0730
    99.000    5.0366
   100.000    5.0214
   101.000    5.0127
   102.000    5.0090
   103.000    5.0258
   104.000    5.0880
   105.000    5.2172
   106.000    5.4239
   107.000    5.7059
   108.000    6.0498
   109.000    6.4331
   110.000    6.8282
   111.000    7.2096
   112.000    7.5535
   113.000    7.8311
   114.000    8.0092
   115.000    8.0699
   116.000    8.0326
   117.000    7.9514
   118.000    7.8911
   119.000    7.9039
   120.000    8.0161
   121.000    8.2207
   122.000    8.4808
   123.000    8.7484
   124.000    8.9918
   125.000    9.2044
   126.000    9.3878
   127.000    9.5403
   128.000    9.6661
   129.000    9.7840
   130.000    9.9182
   131.000   10.0834
   132.000   10.2794
   133.000   10.4964
   134.000   10.7232
   135.000   10.9585
   136.000   11.2145
   137.000   11.5020
   138.000   11.8079
   139.000   12.0926
   140.000   12.3094
   141.000   12.4268
   142.000   12.4419
   143.000   12.3790
   144.000   12.2786
   145.000   12.1819
   146.000   12.1218
   147.000   12.1177
   148.000   12.1730
   149.000   12.2746
   150.000   12.3964
   151.000   12.5065
   152.000   12.5766
   153.000   12.5944
   154.000   12.5730
   155.000   12.5438
   156.000   12.5333
   157.000   12.5485
   158.000   12.5832
   159.000   12.6345
   160.000   12.7122
   161.000   12.8321
   162.000   12.9997
   163.000   13.1980
   164.000   13.3917
   165.000   13.5473
   166.000   13.6489
   167.000   13.6939
   168.000   13.6742
   169.000   13.5754
   170.000   13.4082
   171.000   13.2259
   172.000   13.0951
   173.000   13.0458
   174.000   13.0482
   175.000   13.0337
   176.000   12.9433
   177.000   12.7647
   178.000   12.5313
   179.000   12.2879
   180.000   12.0556
   181.000   11.8239
   182.000   11.5651
   183.000   11.2531
   184.000   10.8760
   185.000   10.4435
   186.000    9.9861
   187.000    9.5442
   188.000    9.1541
   189.000    8.8406
   190.000    8.6173
   191.000    8.4912
   192.000    8.4636
   193.000    8.5276
   194.000    8.6668
   195.000    8.8594
   196.000    9.0845
   197.000    9.3243
   198.000    9.5606
   199.000    9.7747
   200.000    9.9522
   201.000   10.0871
   202.000   10.1814
   203.000   10.2461
   204.000   10.3027
   205.000   10.3782
   206.000   10.4937
   207.000   10.6535
   208.000   10.8431
   209.000   11.0391
   210.000   11.2267
   211.000   11.4108
   212.000   11.6045
   213.000   11.8115
   214.000   12.0236
   215.000   12.2270
   216.000   12.4081
   217.000   12.5615
   218.000   12.7082
   219.000   12.9005
   220.000   13.1967
   221.000   13.6246
   222.000   14.1610
   223.000   14.7311
   224.000   15.2312
   225.000   15.5725
   226.000   15.7157
   227.000   15.6683
   228.000   15.4656
   229.000   15.1538
   230.000   14.7800
   231.000   14.3865
   232.000   14.0104
   233.000   13.6873
   234.000   13.4451
   235.000   13.2817
   236.000   13.1528
   237.000   12.9992
   238.000   12.7855
   239.000   12.5096
   240.000   12.1894
   241.000   11.8489
   242.000   11.5136
   243.000   11.2104
   244.000   10.9616
   245.000   10.7787
   246.000   10.6632
   247.000   10.6133
   248.000   10.6271
   249.000   10.7022
   250.000   10.8350
   251.000   11.0217
   252.000   11.2624
   253.000   11.5693
   254.000   11.9746
   255.000   12.5259
   256.000   13.2630
   257.000   14.1849
   258.000   15.2323
   259.000   16.3013
   260.000   17.2794
   261.000   18.0841
   262.000   18.6898
   263.000   19.1250
   264.000   19.4314
   265.000   19.6223
   266.000   19.6751
   267.000   19.5592
   268.000   19.2722
   269.000   18.8527
   270.000   18.3532
   271.000   17.8100
   272.000   17.2332
   273.000   16.6104
   274.000   15.9238
   275.000   15.1742
   276.000   14.3798
   277.000   13.5540
   278.000   12.6963
   279.000   11.8010
   280.000   10.8646
   281.000    9.8906
   282.000    8.8950
   283.000    7.9064
   284.000    6.9619
   285.000    6.0990
   286.000    5.3441
   287.000    4.7055
   288.000    4.1760
   289.000    3.7403
   290.000    3.3818
   291.000    3.0854
   292.000    2.8388
   293.000    2.6322
   294.000    2.4581
   295.000    2.3106
   296.000    2.1852
   297.000    2.0785
   298.000    1.9877
   299.000    1.9109
   300.000    1.8464
   301.000    1.7931
   302.000    1.7501
   303.000    1.7171
   304.000    1.6939
   305.000    1.6805
   306.000    1.6772
   307.000    1.6848
   308.000    1.7037
   309.000    1.7345
   310.000    1.7778
   311.000    1.8339
   312.000    1.9036
   313.000    1.9879
   314.000    2.0882
   315.000    2.2059
   316.000    2.3424
   317.000    2.4989
   318.000    2.6751
   319.000    2.8683
   320.000    3.0713
   321.000    3.2696
   322.000    3.4404
   323.000    3.5555
   324.000    3.5926
   325.000    3.5496
   326.000    3.4528
   327.000    3.3451
   328.000    3.2672
   329.000    3.2451
   330.000    3.2917
   331.000    3.4143
   332.000    3.6197
   333.000    3.9182
   334.000    4.3259
   335.000    4.8650
   336.000    5.5637
   337.000    6.4518
   338.000    7.5480
   339.000    8.8350
   340.000   10.2248
   341.000   11.5440
   342.000   12.5837
   343.000   13.2014
   344.000   13.3732
   345.000   13.1516
   346.000   12.6137
   347.000   11.8490
   348.000   10.9519
   349.000   10.0118
   350.000    9.1044
   351.000    8.2752
   352.000    7.5270
   353.000    6.8307
   354.000    6.1587
   355.000    5.5111
   356.000    4.9139
   357.000    4.3949
   358.000    3.9674
   359.000    3.6297
   360.000    3.3723
   361.000    3.1841
   362.000    3.0559
   363.000    2.9809
   364.000    2.9553
   365.000    2.9783
   366.000    3.0518
   367.000    3.1806
   368.000    3.3722
   369.000    3.6361
   370.000    3.9808
   371.000    4.4082
   372.000    4.9043
   373.000    5.4326
   374.000    5.9380
   375.000    6.3656
   376.000    6.6828
   377.000    6.8863
   378.000    6.9911
   379.000    7.0122
   380.000    6.9596
   381.000    6.8463
   382.000    6.6939
   383.000    6.5296
   384.000    6.3792
   385.000    6.2647
   386.000    6.2061
   387.000    6.2266
   388.000    6.3551
   389.000    6.6251
   390.000    7.0705
   391.000    7.7231
   392.000    8.6147
   393.000    9.7782
   394.000   11.2397
   395.000   12.9900
   396.000   14.9292
   397.000   16.8012
   398.000   18.1962
   399.000   18.7188
   400.000   18.2570
   401.000   17.0693
   402.000   15.5739
   403.000   14.0960
   404.000   12.7926
   405.000   11.7062
   406.000   10.8289
   407.000   10.1310
   408.000    9.5698
   409.000    9.0963
   410.000    8.6670
   411.000    8.2555
   412.000    7.8570
   413.000    7.4830
   414.000    7.1507
   415.000    6.8759
   416.000    6.6706
   417.000    6.5429
   418.000    6.4971
   419.000    6.5333
   420.000    6.6467
   421.000    6.8279
   422.000    7.0649
   423.000    7.3438
   424.000    7.6458
   425.000    7.9398
   426.000    8.1831
   427.000    8.3387
   428.000    8.4030
   429.000    8.4201
   430.000    8.4691
   431.000    8.6326
   432.000    8.9596
   433.000    9.4406
   434.000   10.0018
   435.000   10.5354
   436.000   10.9629
   437.000   11.2934
   438.000   11.6183
   439.000   12.0401
   440.000   12.5944
   441.000   13.2340
   442.000   13.8778
   443.000   14.4683
   444.000   14.9796
   445.000   15.3944
   446.000   15.6932
   447.000   15.8630
   448.000   15.9129
   449.000   15.8825
   450.000   15.8352
   451.000   15.8288
   452.000   15.8765
   453.000   15.9330
   454.000   15.9300
   455.000   15.8276
   456.000   15.6187
   457.000   15.2825
   458.000   14.7501
   459.000   13.9457
   460.000   12.8707
   461.000   11.6358
   462.000   10.4059
   463.000    9.3219
   464.000    8.4630
   465.000    7.8567
   466.000    7.5028
   467.000    7.3917
   468.000    7.5070
   469.000    7.8138
   470.000    8.2394
   471.000    8.6658
   472.000    8.9602
   473.000    9.0288
   474.000    8.8400
   475.000    8.4129
   476.000    7.8112
   477.000    7.1352
   478.000    6.4902
   479.000    5.9513
   480.000    5.5477
   481.000    5.2685
   482.000    5.0732
   483.000    4.9034
   484.000    4.6995
   485.000    4.4231
   486.000    4.0726
   487.000    3.6793
   488.000    3.2860
   489.000    2.9261
   490.000    2.6158
   491.000    2.3569
   492.000    2.1440
   493.000    1.9693
   494.000    1.8255
   495.000    1.7065
   496.000    1.6071
   497.000    1.5238
   498.000    1.4534
   499.000    1.3937
   500.000    1.3430
   501.000    1.2999
   502.000    1.2633
   503.000    1.2325
   504.000    1.2066
   505.000    1.1852
   506.000    1.1679
   507.000    1.1544
   508.000    1.1444
   509.000    1.1378
   510.000    1.1344
   511.000    1.1342
   512.000    1.1371
   513.000    1.1431
   514.000    1.1524
   515.000    1.1651
   516.000    1.1812
   517.000    1.2012
   518.000    1.2252
   519.000    1.2537
   520.000    1.2871
   521.000    1.3260
   522.000    1.3710
   523.000    1.4232
   524.000    1.4836
   525.000    1.5535
   526.000    1.6346
   527.000    1.7292
   528.000    1.8400
   529.000    1.9704
   530.000    2.1251
   531.000    2.3099
   532.000    2.5326
   533.000    2.8033
   534.000    3.1347
   535.000    3.5426
   536.000    4.0444
   537.000    4.6557
   538.000    5.3809
   539.000    6.2006
   540.000    7.0624
   541.000    7.8905
   542.000    8.6142
   543.000    9.1888
   544.000    9.5943
   545.000    9.8330
   546.000    9.9470
   547.000   10.0253
   548.000   10.1566
   549.000   10.3559
   550.000   10.5429
   551.000   10.6130
   552.000   10.5477
   553.000   10.4478
   554.000   10.4530
   555.000   10.6461
   556.000   11.0127
   557.000   11.4567
   558.000   11.8529
   559.000   12.1085
   560.000   12.1872
   561.000   12.0923
   562.000   11.8514
   563.000   11.5219
   564.000   11.1899
   565.000   10.9319
   566.000   10.7648
   567.000   10.6387
   568.000   10.4818
   569.000   10.2441
   570.000    9.9036
   571.000    9.4541
   572.000    8.9072
   573.000    8.3031
   574.000    7.7086
   575.000    7.1965
   576.000    6.8229
   577.000    6.6179
   578.000    6.5875
   579.000    6.7214
   580.000    6.9978
   581.000    7.3879
   582.000    7.8609
   583.000    8.3926
   584.000    8.9781
   585.000    9.6371
   586.000   10.3940
   587.000   11.2424
   588.000   12.1208
   589.000   12.9101
   590.000   13.4495
   591.000   13.5895
   592.000   13.2657
   593.000   12.5397
   594.000   11.5834
   595.000   10.6141
   596.000    9.8103
   597.000    9.2667
   598.000    8.9975
   599.000    8.9574
   600.000    9.0596
   601.000    9.1979
   602.000    9.2781
   603.000    9.2439
   604.000    9.0758
   605.000    8.7756
   606.000    8.3600
   607.000    7.8625
   608.000    7.3333
   609.000    6.8323
   610.000    6.4177
   611.000    6.1335
   612.000    6.0052
   613.000    6.0472
   614.000    6.2723
   615.000    6.6993
   616.000    7.3561
   617.000    8.2770
   618.000    9.4902
   619.000   10.9852
   620.000   12.6531
   621.000   14.2175
   622.000   15.2443
   623.000   15.3387
   624.000   14.4355
   625.000   12.8555
   626.000   11.0508
   627.000    9.3490
   628.000    7.8962
   629.000    6.7165
   630.000    5.7802
   631.000    5.0429
   632.000    4.4625
   633.000    4.0043
   634.000    3.6413
   635.000    3.3529
   636.000    3.1239
   637.000    2.9426
   638.000    2.8006
   639.000    2.6914
   640.000    2.6103
   641.000    2.5540
   642.000    2.5198
   643.000    2.5064
   644.000    2.5128
   645.000    2.5388
   646.000    2.5848
   647.000    2.6520
   648.000    2.7420
   649.000    2.8576
   650.000    3.0023
   651.000    3.1809
   652.000    3.3999
   653.000    3.6678
   654.000    3.9958
   655.000    4.3988
   656.000    4.8966
   657.000    5.5149
   658.000    6.2878
   659.000    7.2574
   660.000    8.4727
   661.000    9.9804
   662.000   11.8008
   663.000   13.8833
   664.000   16.0524
   665.000   17.9948
   666.000   19.3489
   667.000   19.8759
   668.000   19.5738
   669.000   18.6393
   670.000   17.3535
   671.000   16.0004
   672.000   14.8106
   673.000   13.9147
   674.000   13.3398
   675.000   13.0521
   676.000   12.9921
   677.000   13.0703
   678.000   13.1538
   679.000   13.0936
   680.000   12.7964
   681.000   12.2741
   682.000   11.6266
   683.000   10.9858
   684.000   10.4709
   685.000   10.1624
   686.000   10.0900
   687.000   10.2287
   688.000   10.5014
   689.000   10.8022
   690.000   11.0473
   691.000   11.2236
   692.000   11.3957
   693.000   11.6681
   694.000   12.1352
   695.000   12.8425
   696.000   13.7628
   697.000   14.7990
   698.000   15.8255
   699.000   16.7394
   700.000   17.4720
   701.000   17.9658
   702.000   18.1715
   703.000   18.0755
   704.000   17.7189
   705.000   17.1950
   706.000   16.6309
   707.000   16.1362
   708.000   15.7358
   709.000   15.3465
   710.000   14.8175
   711.000   14.0154
   712.000   12.9136
   713.000   11.6188
   714.000   10.3067
   715.000    9.1287
   716.000    8.1665
   717.000    7.4416
   718.000    6.9438
   719.000    6.6524
   720.000    6.5432
   721.000    6.5834
   722.000    6.7230
   723.000    6.8947
   724.000    7.0394
   725.000    7.1456
   726.000    7.2614
   727.000    7.4682
   728.000    7.8448
   729.000    8.4421
   730.000    9.2618
   731.000   10.2284
   732.000   11.1698
   733.000   11.8601
   734.000   12.1363
   735.000   11.9757
   736.000   11.4380
   737.000   10.5835
   738.000    9.4891
   739.000    8.2849
   740.000    7.1159
   741.000    6.0801
   742.000    5.2129
   743.000    4.5082
   744.000    3.9421
   745.000    3.4879
   746.000    3.1219
   747.000    2.8248
   748.000    2.5817
   749.000    2.3812
   750.000    2.2147
   751.000    2.0757
   752.000    1.9589
   753.000    1.8607
   754.000    1.7778
   755.000    1.7081
   756.000    1.6495
   757.000    1.6007
   758.000    1.5604
   759.000    1.5279
   760.000    1.5023
   761.000    1.4832
   762.000    1.4701
   763.000    1.4627
   764.000    1.4610
   765.000    1.4647
   766.000    1.4740
   767.000    1.4890
   768.000    1.5099
   769.000    1.5369
   770.000    1.5707
   771.000    1.6117
   772.000    1.6607
   773.000    1.7186
   774.000    1.7867
   775.000    1.8663
   776.000    1.9592
   777.000    2.0678
   778.000    2.1948
   779.000    2.3439
   780.000    2.5196
   781.000    2.7279
   782.000    2.9763
   783.000    3.2747
   784.000    3.6362
   785.000    4.0778
   786.000    4.6219
   787.000    5.2973
   788.000    6.1392
   789.000    7.1868
   790.000    8.4732
   791.000   10.0019
   792.000   11.7069
   793.000   13.4191
   794.000   14.8913
   795.000   15.9001
   796.000   16.3339
   797.000   16.2006
   798.000   15.6417
   799.000   14.9358
   800.000   14.3937
   801.000   14.2298
   802.000   14.5117
   803.000   15.1566
   804.000   15.9357
   805.000   16.5226
   806.000   16.6203
   807.000   16.0910
   808.000   14.9809
   809.000   13.4656
   810.000   11.7872
   811.000   10.1718
   812.000    8.7603
   813.000    7.6006
   814.000    6.6826
   815.000    5.9731
   816.000    5.4358
   817.000    5.0396
   818.000    4.7608
   819.000    4.5830
   820.000    4.4959
   821.000    4.4952
   822.000    4.5816
   823.000    4.7616
   824.000    5.0472
   825.000    5.4571
   826.000    6.0163
   827.000    6.7548
   828.000    7.7004
   829.000    8.8624
   830.000   10.2025
   831.000   11.6057
   832.000   12.8864
   833.000   13.8504
   834.000   14.3617
   835.000   14.3572
   836.000   13.8320
   837.000   12.8600
   838.000   11.6173
   839.000   10.3305
   840.000    9.1829
   841.000    8.2695
   842.000    7.6152
   843.000    7.2113
   844.000    7.0428
   845.000    7.1015
   846.000    7.3911
   847.000    7.9282
   848.000    8.7377
   849.000    9.8400
   850.000   11.2213
   851.000   12.7840
   852.000   14.2974
   853.000   15.4164
   854.000   15.8212
   855.000   15.4013
   856.000   14.3160
   857.000   12.8835
   858.000   11.4196
   859.000   10.1405
   860.000    9.1487
   861.000    8.4708
   862.000    8.1002
   863.000    8.0266
   864.000    8.2493
   865.000    8.7793
   866.000    9.6312
   867.000   10.7992
   868.000   12.2103
   869.000   13.6631
   870.000   14.8096
   871.000   15.2683
   872.000   14.8428
   873.000   13.6447
   874.000   11.9986
   875.000   10.2492
   876.000    8.6320
   877.000    7.2515
   878.000    6.1220
   879.000    5.2150
   880.000    4.4899
   881.000    3.9084
   882.000    3.4385
   883.000    3.0554
   884.000    2.7399
   885.000    2.4775
   886.000    2.2572
   887.000    2.0707
   888.000    1.9114
   889.000    1.7743
   890.000    1.6556
   891.000    1.5522
   892.000    1.4615
   893.000    1.3817
   894.000    1.3110
   895.000    1.2483
   896.000    1.1924
   897.000    1.1423
   898.000    1.0975
   899.000    1.0573
   900.000    1.0211
   901.000    0.9884
   902.000    0.9590
   903.000    0.9325
   904.000    0.9086
   905.000    0.8872
   906.000    0.8679
   907.000    0.8506
   908.000    0.8351
   909.000    0.8214
   910.000    0.8094
   911.000    0.7988
   912.000    0.7897
   913.000    0.7820
   914.000    0.7756
   915.000    0.7706
   916.000    0.7667
   917.000    0.7641
   918.000    0.7627
   919.000    0.7625
   920.000    0.7635
   921.000    0.7657
   922.000    0.7691
   923.000    0.7738
   924.000    0.7798
   925.000    0.7871
   926.000    0.7958
   927.000    0.8060
   928.000    0.8177
   929.000    0.8310
   930.000    0.8461
   931.000    0.8630
   932.000    0.8820
   933.000    0.9031
   934.000    0.9266
   935.000    0.9526
   936.000    0.9816
   937.000    1.0136
   938.000    1.0491
   939.000    1.0885
   940.000    1.1322
   941.000    1.1808
   942.000    1.2349
   943.000    1.2953
   944.000    1.3627
   945.000    1.4384
   946.000    1.5236
   947.000    1.6197
   948.000    1.7287
   949.000    1.8527
   950.000    1.9946
   951.000    2.1579
   952.000    2.3468
   953.000    2.5667
   954.000    2.8247
   955.000    3.1296
   956.000    3.4928
   957.000    3.9295
   958.000    4.4594
   959.000    5.1083
   960.000    5.9102
   961.000    6.9085
   962.000    8.1563
   963.000    9.7124
   964.000   11.6257
   965.000   13.9021
   966.000   16.4539
   967.000   19.0637
   968.000   21.4203
   969.000   23.2253
   970.000   24.2804
   971.000   24.4923
   972.000   23.8266
   973.000   22.2960
   974.000   20.0459
   975.000   17.4070
   976.000   14.7693
   977.000   12.4079
   978.000   10.4339
   979.000    8.8447
   980.000    7.5887
   981.000    6.6039
   982.000    5.8344
   983.000    5.2354
   984.000    4.7726
   985.000    4.4207
   986.000    4.1618
   987.000    3.9836
   988.000    3.8786
   989.000    3.8433
   990.000    3.8784
   991.000    3.9884
   992.000    4.1823
   993.000    4.4745
   994.000    4.8858
   995.000    5.4449
   996.000    6.1883
   997.000    7.1583
   998.000    8.3927
   999.000    9.8970
  1000.000   11.5899
  1001.000   13.2330
  1002.000   14.4183
  1003.000   14.7300
  1004.000   14.0306
  1005.000   12.5735
  1006.000   10.7989
  1007.000    9.0658
  1008.000    7.5555
  1009.000    6.3137
  1010.000    5.3193
  1011.000    4.5299
  1012.000    3.9025
  1013.000    3.4009
  1014.000    2.9964
  1015.000    2.6671
  1016.000    2.3965
  1017.000    2.1720
  1018.000    1.9842
  1019.000    1.8259
  1020.000    1.6914
  1021.000    1.5765
  1022.000    1.4778
  1023.000    1.3926
  1024.000    1.3188
  1025.000    1.2547
  1026.000    1.1989
  1027.000    1.1503
  1028.000    1.1080
  1029.000    1.0712
  1030.000    1.0394
  1031.000    1.0120
  1032.000    0.9887
  1033.000    0.9691
  1034.000    0.9529
  1035.000    0.9400
  1036.000    0.9302
  1037.000    0.9234
  1038.000    0.9194
  1039.000    0.9184
  1040.000    0.9203
  1041.000    0.9251
  1042.000    0.9331
  1043.000    0.9442
  1044.000    0.9588
  1045.000    0.9771
  1046.000    0.9994
  1047.000    1.0261
  1048.000    1.0578
  1049.000    1.0950
  1050.000    1.1386
  1051.000    1.1894
  1052.000    1.2486
  1053.000    1.3178
  1054.000    1.3986
  1055.000    1.4933
  1056.000    1.6048
  1057.000    1.7366
  1058.000    1.8935
  1059.000    2.0814
  1060.000    2.3082
  1061.000    2.5843
  1062.000    2.9232
  1063.000    3.3432
  1064.000    3.8681
  1065.000    4.5289
  1066.000    5.3640
  1067.000    6.4164
  1068.000    7.7226
  1069.000    9.2835
  1070.000   11.0096
  1071.000   12.6569
  1072.000   13.8315
  1073.000   14.1575
  1074.000   13.5278
  1075.000   12.1759
  1076.000   10.4975
  1077.000    8.8309
  1078.000    7.3620
  1079.000    6.1481
  1080.000    5.1764
  1081.000    4.4086
  1082.000    3.8032
  1083.000    3.3243
  1084.000    2.9434
  1085.000    2.6386
  1086.000    2.3931
  1087.000    2.1946
  1088.000    2.0337
  1089.000    1.9031
  1090.000    1.7976
  1091.000    1.7130
  1092.000    1.6461
  1093.000    1.5946
  1094.000    1.5566
  1095.000    1.5309
  1096.000    1.5165
  1097.000    1.5129
  1098.000    1.5197
  1099.000    1.5370
  1100.000    1.5650
  1101.000    1.6044
  1102.000    1.6560
  1103.000    1.7212
  1104.000    1.8017
  1105.000    1.8998
  1106.000    2.0185
  1107.000    2.1618
  1108.000    2.3348
  1109.000    2.5442
  1110.000    2.7988
  1111.000    3.1104
  1112.000    3.4944
  1113.000    3.9712
  1114.000    4.5674
  1115.000    5.3167
  1116.000    6.2588
  1117.000    7.4323
  1118.000    8.8563
  1119.000   10.4907
  1120.000   12.1811
  1121.000   13.6339
  1122.000   14.5012
  1123.000   14.5691
  1124.000   13.8850
  1125.000   12.6986
  1126.000   11.3103
  1127.000    9.9635
  1128.000    8.8094
  1129.000    7.9150
  1130.000    7.2926
  1131.000    6.9305
  1132.000    6.8147
  1133.000    6.9402
  1134.000    7.3147
  1135.000    7.9575
  1136.000    8.8913
  1137.000   10.1209
  1138.000   11.5914
  1139.000   13.1319
  1140.000   14.4315
  1141.000   15.1213
  1142.000   14.9569
  1143.000   13.9671
  1144.000   12.4388
  1145.000   10.7433
  1146.000    9.1582
  1147.000    7.8143
  1148.000    6.7363
  1149.000    5.8992
  1150.000    5.2641
  1151.000    4.7943
  1152.000    4.4606
  1153.000    4.2421
  1154.000    4.1254
  1155.000    4.1041
  1156.000    4.1781
  1157.000    4.3537
  1158.000    4.6438
  1159.000    5.0690
  1160.000    5.6571
  1161.000    6.4419
  1162.000    7.4554
  1163.000    8.7079
  1164.000   10.1502
  1165.000   11.6271
  1166.000   12.8683
  1167.000   13.5768
  1168.000   13.5831
  1169.000   12.9283
  1170.000   11.8048
  1171.000   10.4390
  1172.000    9.0183
  1173.000    7.6734
  1174.000    6.4808
  1175.000    5.4711
  1176.000    4.6417
  1177.000    3.9710
  1178.000    3.4311
  1179.000    2.9955
  1180.000    2.6417
  1181.000    2.3518
  1182.000    2.1122
  1183.000    1.9122
  1184.000    1.7438
  1185.000    1.6009
  1186.000    1.4786
  1187.000    1.3733
  1188.000    1.2820
  1189.000    1.2023
  1190.000    1.1326
  1191.000    1.0711
  1192.000    1.0169
  1193.000    0.9687
  1194.000    0.9260
  1195.000    0.8878
  1196.000    0.8538
  1197.000    0.8234
  1198.000    0.7963
  1199.000    0.7720
  1200.000    0.7504
  1201.000    0.7311
  1202.000    0.7141
  1203.000    0.6990
  1204.000    0.6859
  1205.000    0.6744
  1206.000    0.6647
  1207.000    0.6565
  1208.000    0.6499
  1209.000    0.6447
  1210.000    0.6410
  1211.000    0.6388
  1212.000    0.6380
  1213.000    0.6386
  1214.000    0.6408
  1215.000    0.6444
  1216.000    0.6497
  1217.000    0.6567
  1218.000    0.6655
  1219.000    0.6762
  1220.000    0.6890
  1221.000    0.7040
  1222.000    0.7215
  1223.000    0.7418
  1224.000    0.7652
  1225.000    0.7920
  1226.000    0.8227
  1227.000    0.8579
  1228.000    0.8982
  1229.000    0.9444
  1230.000    0.9974
  1231.000    1.0586
  1232.000    1.1292
  1233.000    1.2112
  1234.000    1.3068
  1235.000    1.4188
  1236.000    1.5509
  1237.000    1.7078
  1238.000    1.8954
  1239.000    2.1217
  1240.000    2.3970
  1241.000    2.7349
  1242.000    3.1535
  1243.000    3.6770
  1244.000    4.3364
  1245.000    5.1708
  1246.000    6.2248
  1247.000    7.5382
  1248.000    9.1184
  1249.000   10.8844
  1250.000   12.5922
  1251.000   13.8187
  1252.000   14.1314
  1253.000   13.4009
  1254.000   11.9145
  1255.000   10.1369
  1256.000    8.4260
  1257.000    6.9504
  1258.000    5.7458
  1259.000    4.7860
  1260.000    4.0271
  1261.000    3.4261
  1262.000    2.9472
  1263.000    2.5622
  1264.000    2.2498
  1265.000    1.9939
  1266.000    1.7823
  1267.000    1.6057
  1268.000    1.4572
  1269.000    1.3312
  1270.000    1.2237
  1271.000    1.1312
  1272.000    1.0512
  1273.000    0.9817
  1274.000    0.9209
  1275.000    0.8676
  1276.000    0.8205
  1277.000    0.7789
  1278.000    0.7419
  1279.000    0.7090
  1280.000    0.6796
  1281.000    0.6533
  1282.000    0.6297
  1283.000    0.6085
  1284.000    0.5895
  1285.000    0.5724
  1286.000    0.5570
  1287.000    0.5431
  1288.000    0.5307
  1289.000    0.5195
  1290.000    0.5094
  1291.000    0.5005
  1292.000    0.4925
  1293.000    0.4854
  1294.000    0.4791
  1295.000    0.4737
  1296.000    0.4689
  1297.000    0.4649
  1298.000    0.4615
  1299.000    0.4588
  1300.000    0.4566
  1301.000    0.4551
  1302.000    0.4541
  1303.000    0.4536
  1304.000    0.4536
  1305.000    0.4542
  1306.000    0.4553
  1307.000    0.4569
  1308.000    0.4589
  1309.000    0.4615
  1310.000    0.4646
  1311.000    0.4683
  1312.000    0.4724
  1313.000    0.4771
  1314.000    0.4823
  1315.000    0.4881
  1316.000    0.4945
  1317.000    0.5015
  1318.000    0.5092
  1319.000    0.5175
  1320.000    0.5265
  1321.000    0.5363
  1322.000    0.5468
  1323.000    0.5582
  1324.000    0.5705
  1325.000    0.5837
  1326.000    0.5980
  1327.000    0.6133
  1328.000    0.6299
  1329.000    0.6477
  1330.000    0.6670
  1331.000    0.6878
  1332.000    0.7102
  1333.000    0.7345
  1334.000    0.7608
  1335.000    0.7894
  1336.000    0.8204
  1337.000    0.8542
  1338.000    0.8911
  1339.000    0.9315
  1340.000    0.9757
  1341.000    1.0245
  1342.000    1.0783
  1343.000    1.1378
  1344.000    1.2041
  1345.000    1.2781
  1346.000    1.3612
  1347.000    1.4548
  1348.000    1.5610
  1349.000    1.6822
  1350.000    1.8215
  1351.000    1.9828
  1352.000    2.1710
  1353.000    2.3926
  1354.000    2.6559
  1355.000    2.9719
  1356.000    3.3546
  1357.000    3.8216
  1358.000    4.3939
  1359.000    5.0934
  1360.000    5.9350
  1361.000    6.9120
  1362.000    7.9772
  1363.000    9.0387
  1364.000    9.9924
  1365.000   10.7735
  1366.000   11.3793
  1367.000   11.8574
  1368.000   12.2918
  1369.000   12.7796
  1370.000   13.3924
  1371.000   14.1552
  1372.000   15.0641
  1373.000   16.1161
  1374.000   17.2993
  1375.000   18.5253
  1376.000   19.5582
  1377.000   20.0523
  1378.000   19.7349
  1379.000   18.5873
  1380.000   16.8493
  1381.000   14.8742
  1382.000   12.9737
  1383.000   11.3401
  1384.000   10.0496
  1385.000    9.1060
  1386.000    8.4838
  1387.000    8.1557
  1388.000    8.1058
  1389.000    8.3338
  1390.000    8.8541
  1391.000    9.6900
  1392.000   10.8544
  1393.000   12.3101
  1394.000   13.9013
  1395.000   15.2959
  1396.000   16.0440
  1397.000   15.8242
  1398.000   14.6906
  1399.000   13.0245
  1400.000   11.2536
  1401.000    9.6541
  1402.000    8.3349
  1403.000    7.3048
  1404.000    6.5324
  1405.000    5.9793
  1406.000    5.6133
  1407.000    5.4124
  1408.000    5.3652
  1409.000    5.4704
  1410.000    5.7345
  1411.000    6.1673
  1412.000    6.7728
  1413.000    7.5321
  1414.000    8.3845
  1415.000    9.2245
  1416.000    9.9319
  1417.000   10.4198
  1418.000   10.6574
  1419.000   10.6535
  1420.000   10.4327
  1421.000   10.0273
  1422.000    9.4823
  1423.000    8.8515
  1424.000    8.1858
  1425.000    7.5260
  1426.000    6.9036
  1427.000    6.3408
  1428.000    5.8451
  1429.000    5.4082
  1430.000    5.0123
  1431.000    4.6404
  1432.000    4.2823
  1433.000    3.9354
  1434.000    3.6013
  1435.000    3.2829
  1436.000    2.9828
  1437.000    2.7043
  1438.000    2.4509
  1439.000    2.2259
  1440.000    2.0316
  1441.000    1.8675
  1442.000    1.7312
  1443.000    1.6189
  1444.000    1.5269
  1445.000    1.4516
  1446.000    1.3903
  1447.000    1.3408
  1448.000    1.3013
  1449.000    1.2705
  1450.000    1.2476
  1451.000    1.2318
  1452.000    1.2226
  1453.000    1.2197
  1454.000    1.2231
  1455.000    1.2327
  1456.000    1.2487
  1457.000    1.2714
  1458.000    1.3013
  1459.000    1.3390
  1460.000    1.3855
  1461.000    1.4417
  1462.000    1.5091
  1463.000    1.5896
  1464.000    1.6854
  1465.000    1.7995
  1466.000    1.9355
  1467.000    2.0983
  1468.000    2.2942
  1469.000    2.5312
  1470.000    2.8202
  1471.000    3.1753
  1472.000    3.6154
  1473.000    4.1654
  1474.000    4.8574
  1475.000    5.7317
  1476.000    6.8333
  1477.000    8.2008
  1478.000    9.8363
  1479.000   11.6464
  1480.000   13.3695
  1481.000   14.5746
  1482.000   14.8516
  1483.000   14.1166
  1484.000   12.6874
  1485.000   11.0283
  1486.000    9.4831
  1487.000    8.2099
  1488.000    7.2387
  1489.000    6.5382
  1490.000    6.0554
  1491.000    5.7328
  1492.000    5.5152
  1493.000    5.3507
  1494.000    5.1944
  1495.000    5.0148
  1496.000    4.8038
  1497.000    4.5805
  1498.000    4.3831
  1499.000    4.2529
  1500.000    4.2203
  1501.000    4.3023
  1502.000    4.5028
  1503.000    4.8120
  1504.000    5.2013
  1505.000    5.6258
  1506.000    6.0400
  1507.000    6.4131
  1508.000    6.7261
  1509.000    6.9567
  1510.000    7.0733
  1511.000    7.0443
  1512.000    6.8564
  1513.000    6.5294
  1514.000    6.1159
  1515.000    5.6864
  1516.000    5.3094
  1517.000    5.0368
  1518.000    4.8980
  1519.000    4.8996
  1520.000    5.0277
  1521.000    5.2515
  1522.000    5.5306
  1523.000    5.8227
  1524.000    6.0874
  1525.000    6.2872
  1526.000    6.3921
  1527.000    6.3862
  1528.000    6.2697
  1529.000    6.0533
  1530.000    5.7520
  1531.000    5.3817
  1532.000    4.9579
  1533.000    4.4988
  1534.000    4.0290
  1535.000    3.5786
  1536.000    3.1751
  1537.000    2.8344
  1538.000    2.5596
  1539.000    2.3453
  1540.000    2.1831
  1541.000    2.0649
  1542.000    1.9842
  1543.000    1.9363
  1544.000    1.9184
  1545.000    1.9294
  1546.000    1.9699
  1547.000    2.0423
  1548.000    2.1507
  1549.000    2.3012
  1550.000    2.5020
  1551.000    2.7626
  1552.000    3.0917
  1553.000    3.4936
  1554.000    3.9612
  1555.000    4.4712
  1556.000    4.9834
  1557.000    5.4484
  1558.000    5.8227
  1559.000    6.0805
  1560.000    6.2169
  1561.000    6.2463
  1562.000    6.1982
  1563.000    6.1102
  1564.000    6.0186
  1565.000    5.9495
  1566.000    5.9135
  1567.000    5.9031
  1568.000    5.8927
  1569.000    5.8458
  1570.000    5.7317
  1571.000    5.5438
  1572.000    5.3052
  1573.000    5.0562
  1574.000    4.8373
  1575.000    4.6788
  1576.000    4.5980
  1577.000    4.5975
  1578.000    4.6662
  1579.000    4.7839
  1580.000    4.9302
  1581.000    5.0907
  1582.000    5.2607
  1583.000    5.4458
  1584.000    5.6631
  1585.000    5.9402
  1586.000    6.3058
  1587.000    6.7690
  1588.000    7.2920
  1589.000    7.7793
  1590.000    8.1133
  1591.000    8.2290
  1592.000    8.1658
  1593.000    8.0420
  1594.000    7.9797
  1595.000    8.0507
  1596.000    8.2690
  1597.000    8.6048
  1598.000    9.0012
  1599.000    9.3901
  1600.000    9.7122
  1601.000    9.9325
  1602.000   10.0392
  1603.000   10.0274
  1604.000    9.8971
  1605.000    9.6751
  1606.000    9.4273
  1607.000    9.2487
  1608.000    9.2431
  1609.000    9.5052
  1610.000   10.1071
  1611.000   11.0815
  1612.000   12.3865
  1613.000   13.8420
  1614.000   15.0749
  1615.000   15.5996
  1616.000   15.1075
  1617.000   13.7199
  1618.000   11.8717
  1619.000    9.9875
  1620.000    8.3084
  1621.000    6.9110
  1622.000    5.7845
  1623.000    4.8865
  1624.000    4.1708
  1625.000    3.5971
  1626.000    3.1332
  1627.000    2.7543
  1628.000    2.4418
  1629.000    2.1815
  1630.000    1.9625
  1631.000    1.7766
  1632.000    1.6176
  1633.000    1.4805
  1634.000    1.3614
  1635.000    1.2573
  1636.000    1.1657
  1637.000    1.0846
  1638.000    1.0126
  1639.000    0.9482
  1640.000    0.8904
  1641.000    0.8383
  1642.000    0.7912
  1643.000    0.7484
  1644.000    0.7094
  1645.000    0.6737
  1646.000    0.6410
  1647.000    0.6109
  1648.000    0.5832
  1649.000    0.5576
  1650.000    0.5339
  1651.000    0.5118
  1652.000    0.4913
  1653.000    0.4722
  1654.000    0.4543
  1655.000    0.4376
  1656.000    0.4219
  1657.000    0.4072
  1658.000    0.3934
  1659.000    0.3803
  1660.000    0.3680
  1661.000    0.3564
  1662.000    0.3454
  1663.000    0.3350
  1664.000    0.3252
  1665.000    0.3158
  1666.000    0.3069
  1667.000    0.2985
  1668.000    0.2904
  1669.000    0.2828
  1670.000    0.2755
  1671.000    0.2685
  1672.000    0.2618
  1673.000    0.2554
  1674.000    0.2493
  1675.000    0.2435
  1676.000    0.2379
  1677.000    0.2325
  1678.000    0.2273
  1679.000    0.2224
  1680.000    0.2176
  1681.000    0.2130
  1682.000    0.2086
  1683.000    0.2043
  1684.000    0.2002
  1685.000    0.1963
  1686.000    0.1925
  1687.000    0.1888
  1688.000    0.1852
  1689.000    0.1818
  1690.000    0.1785
  1691.000    0.1752
  1692.000    0.1721
  1693.000    0.1691
  1694.000    0.1662
  1695.000    0.1634
  1696.000    0.1607
  1697.000    0.1580
  1698.000    0.1554
  1699.000    0.1529
  1700.000    0.1505
  1701.000    0.1481
  1702.000    0.1458
  1703.000    0.1436
  1704.000    0.1415
  1705.000    0.1393
  1706.000    0.1373
  1707.000    0.1353
  1708.000    0.1334
  1709.000    0.1315
  1710.000    0.1296
  1711.000    0.1278
  1712.000    0.1261
  1713.000    0.1244
  1714.000    0.1227
  1715.000    0.1211
  1716.000    0.1195
  1717.000    0.1180
  1718.000    0.1165
  1719.000    0.1150
  1720.000    0.1135
  1721.000    0.1121
  1722.000    0.1108
  1723.000    0.1094
  1724.000    0.1081
  1725.000    0.1068
  1726.000    0.1056
  1727.000    0.1043
  1728.000    0.1031
  1729.000    0.1020
  1730.000    0.1008
  1731.000    0.0997
  1732.000    0.0986
  1733.000    0.0975
  1734.000    0.0964
  1735.000    0.0954
  1736.000    0.0944
  1737.000    0.0934
  1738.000    0.0924
  1739.000    0.0914
  1740.000    0.0905
  1741.000    0.0896
  1742.000    0.0886
  1743.000    0.0878
  1744.000    0.0869
  1745.000    0.0860
  1746.000    0.0852
  1747.000    0.0844
  1748.000    0.0836
  1749.000    0.0828
  1750.000    0.0820
  1751.000    0.0812
  1752.000    0.0804
  1753.000    0.0797
  1754.000    0.0790
  1755.000    0.0783
  1756.000    0.0776
  1757.000    0.0769
  1758.000    0.0762
  1759.000    0.0755
  1760.000    0.0748
  1761.000    0.0742
  1762.000    0.0736
  1763.000    0.0729
  1764.000    0.0723
  1765.000    0.0717
  1766.000    0.0711
  1767.000    0.0705
  1768.000    0.0699
  1769.000    0.0694
  1770.000    0.0688
  1771.000    0.0683
  1772.000    0.0677
  1773.000    0.0672
  1774.000    0.0666
  1775.000    0.0661
  1776.000    0.0656
  1777.000    0.0651
  1778.000    0.0646
  1779.000    0.0641
  1780.000    0.0636
  1781.000    0.0631
  1782.000    0.0627
  1783.000    0.0622
  1784.000    0.0617
  1785.000    0.0613
  1786.000    0.0608
  1787.000    0.0604
  1788.000    0.0600
  1789.000    0.0595
  1790.000    0.0591
  1791.000    0.0587
  1792.000    0.0583
  1793.000    0.0579
  1794.000    0.0575
  1795.000    0.0571
  1796.000    0.0567
  1797.000    0.0563
  1798.000    0.0559
  1799.000    0.0556
  1800.000    0.0552
  1801.000    0.0548
  1802.000    0.0545
  1803.000    0.0541
  1804.000    0.0538
  1805.000    0.0534
  1806.000    0.0531
  1807.000    0.0527
  1808.000    0.0524
  1809.000    0.0521
  1810.000    0.0517
  1811.000    0.0514
  1812.000    0.0511
  1813.000    0.0508
  1814.000    0.0505
  1815.000    0.0501
  1816.000    0.0498
  1817.000    0.0495
  1818.000    0.0492
  1819.000    0.0489
  1820.000    0.0486
  1821.000    0.0484
  1822.000    0.0481
  1823.000    0.0478
  1824.000    0.0475
  1825.000    0.0472
  1826.000    0.0470
  1827.000    0.0467
  1828.000    0.0464
  1829.000    0.0462
  1830.000    0.0459
  1831.000    0.0456
  1832.000    0.0454
  1833.000    0.0451
  1834.000    0.0449
  1835.000    0.0446
  1836.000    0.0444
  1837.000    0.0442
  1838.000    0.0439
  1839.000    0.0437
  1840.000    0.0434
  1841.000    0.0432
  1842.000    0.0430
  1843.000    0.0427
  1844.000    0.0425
  1845.000    0.0423
  1846.000    0.0421
  1847.000    0.0419
  1848.000    0.0416
  1849.000    0.0414
  1850.000    0.0412
  1851.000    0.0410
  1852.000    0.0408
  1853.000    0.0406
  1854.000    0.0404
  1855.000    0.0402
  1856.000    0.0400
  1857.000    0.0398
  1858.000    0.0396
  1859.000    0.0394
  1860.000    0.0392
  1861.000    0.0390
  1862.000    0.0388
  1863.000    0.0386
  1864.000    0.0384
  1865.000    0.0383
  1866.000    0.0381
  1867.000    0.0379
  1868.000    0.0377
  1869.000    0.0375
  1870.000    0.0374
  1871.000    0.0372
  1872.000    0.0370
  1873.000    0.0368
  1874.000    0.0367
  1875.000    0.0365
  1876.000    0.0363
  1877.000    0.0362
  1878.000    0.0360
  1879.000    0.0358
  1880.000    0.0357
  1881.000    0.0355
  1882.000    0.0354
  1883.000    0.0352
  1884.000    0.0350
  1885.000    0.0349
  1886.000    0.0347
  1887.000    0.0346
  1888.000    0.0344
  1889.000    0.0343
  1890.000    0.0341
  1891.000    0.0340
  1892.000    0.0338
  1893.000    0.0337
  1894.000    0.0336
  1895.000    0.0334
  1896.000    0.0333
  1897.000    0.0331
  1898.000    0.0330
  1899.000    0.0329
  1900.000    0.0327
  1901.000    0.0326
  1902.000    0.0325
  1903.000    0.0323
  1904.000    0.0322
  1905.000    0.0321
  1906.000    0.0319
  1907.000    0.0318
  1908.000    0.0317
  1909.000    0.0315
  1910.000    0.0314
  1911.000    0.0313
  1912.000    0.0312
  1913.000    0.0310
  1914.000    0.0309
  1915.000    0.0308
  1916.000    0.0307
  1917.000    0.0306
  1918.000    0.0304
  1919.000    0.0303
  1920.000    0.0302
  1921.000    0.0301
  1922.000    0.0300
  1923.000    0.0299
  1924.000    0.0297
  1925.000    0.0296
  1926.000    0.0295
  1927.000    0.0294
  1928.000    0.0293
  1929.000    0.0292
  1930.000    0.0291
  1931.000    0.0290
  1932.000    0.0289
  1933.000    0.0288
  1934.000    0.0287
  1935.000    0.0286
  1936.000    0.0285
  1937.000    0.0283
  1938.000    0.0282
  1939.000    0.0281
  1940.000    0.0280
  1941.000    0.0279
  1942.000    0.0278
  1943.000    0.0277
  1944.000    0.0276
  1945.000    0.0275
  1946.000    0.0275
  1947.000    0.0274
  1948.000    0.0273
  1949.000    0.0272
  1950.000    0.0271
  1951.000    0.0270
  1952.000    0.0269
  1953.000    0.0268
  1954.000    0.0267
  1955.000    0.0266
  1956.000    0.0265
  1957.000    0.0264
  1958.000    0.0263
  1959.000    0.0262
  1960.000    0.0262
  1961.000    0.0261
  1962.000    0.0260
  1963.000    0.0259
  1964.000    0.0258
  1965.000    0.0257
  1966.000    0.0256
  1967.000    0.0256
  1968.000    0.0255
  1969.000    0.0254
  1970.000    0.0253
  1971.000    0.0252
  1972.000    0.0251
  1973.000    0.0251
  1974.000    0.0250
  1975.000    0.0249
  1976.000    0.0248
  1977.000    0.0247
  1978.000    0.0247
  1979.000    0.0246
  1980.000    0.0245
  1981.000    0.0244
  1982.000    0.0244
  1983.000    0.0243
  1984.000    0.0242
  1985.000    0.0241
  1986.000    0.0241
  1987.000    0.0240
  1988.000    0.0239
  1989.000    0.0238
  1990.000    0.0238
  1991.000    0.0237
  1992.000    0.0236
  1993.000    0.0235
  1994.000    0.0235
  1995.000    0.0234
  1996.000    0.0233
  1997.000    0.0233
  1998.000    0.0232
  1999.000    0.0231
  2000.000    0.0231
  2001.000    0.0230
  2002.000    0.0229
  2003.000    0.0229
  2004.000    0.0228
  2005.000    0.0227
  2006.000    0.0227
  2007.000    0.0226
  2008.000    0.0225
  2009.000    0.0225
  2010.000    0.0224
  2011.000    0.0223
  2012.000    0.0223
  2013.000    0.0222
  2014.000    0.0221
  2015.000    0.0221
  2016.000    0.0220
  2017.000    0.0220
  2018.000    0.0219
  2019.000    0.0218
  2020.000    0.0218
  2021.000    0.0217
  2022.000    0.0217
  2023.000    0.0216
  2024.000    0.0215
  2025.000    0.0215
  2026.000    0.0214
  2027.000    0.0214
  2028.000    0.0213
  2029.000    0.0212
  2030.000    0.0212
  2031.000    0.0211
  2032.000    0.0211
  2033.000    0.0210
  2034.000    0.0210
  2035.000    0.0209
  2036.000    0.0208
  2037.000    0.0208
  2038.000    0.0207
  2039.000    0.0207
  2040.000    0.0206
  2041.000    0.0206
  2042.000    0.0205
  2043.000    0.0205
  2044.000    0.0204
  2045.000    0.0204
  2046.000    0.0203
  2047.000    0.0203
  2048.000    0.0202
  2049.000    0.0202
  2050.000    0.0201
  2051.000    0.0200
  2052.000    0.0200
  2053.000    0.0199
  2054.000    0.0199
  2055.000    0.0198
  2056.000    0.0198
  2057.000    0.0197
  2058.000    0.0197
  2059.000    0.0196
  2060.000    0.0196
  2061.000    0.0196
  2062.000    0.0195
  2063.000    0.0195
  2064.000    0.0194
  2065.000    0.0194
  2066.000    0.0193
  2067.000    0.0193
  2068.000    0.0192
  2069.000    0.0192
  2070.000    0.0191
  2071.000    0.0191
  2072.000    0.0190
  2073.000    0.0190
  2074.000    0.0189
  2075.000    0.0189
  2076.000    0.0189
  2077.000    0.0188
  2078.000    0.0188
  2079.000    0.0187
  2080.000    0.0187
  2081.000    0.0186
  2082.000    0.0186
  2083.000    0.0185
  2084.000    0.0185
  2085.000    0.0185
  2086.000    0.0184
  2087.000    0.0184
  2088.000    0.0183
  2089.000    0.0183
  2090.000    0.0182
  2091.000    0.0182
  2092.000    0.0182
  2093.000    0.0181
  2094.000    0.0181
  2095.000    0.0180
  2096.000    0.0180
  2097.000    0.0180
  2098.000    0.0179
  2099.000    0.0179
  2100.000    0.0178
  2101.000    0.0178
  2102.000    0.0178
  2103.000    0.0177
  2104.000    0.0177
  2105.000    0.0176
  2106.000    0.0176
  2107.000    0.0176
  2108.000    0.0175
  2109.000    0.0175
  2110.000    0.0175
  2111.000    0.0174
  2112.000    0.0174
  2113.000    0.0173
  2114.000    0.0173
  2115.000    0.0173
  2116.000    0.0172
  2117.000    0.0172
  2118.000    0.0172
  2119.000    0.0171
  2120.000    0.0171
  2121.000    0.0171
  2122.000    0.0170
  2123.000    0.0170
  2124.000    0.0169
  2125.000    0.0169
  2126.000    0.0169
  2127.000    0.0168
  2128.000    0.0168
  2129.000    0.0168
  2130.000    0.0167
  2131.000    0.0167
  2132.000    0.0167
  2133.000    0.0166
  2134.000    0.0166
  2135.000    0.0166
  2136.000    0.0165
  2137.000    0.0165
  2138.000    0.0165
  2139.000    0.0164
  2140.000    0.0164
  2141.000    0.0164
  2142.000    0.0163
  2143.000    0.0163
  2144.000    0.0163
  2145.000    0.0162
  2146.000    0.0162
  2147.000    0.0162
  2148.000    0.0162
  2149.000    0.0161
  2150.000    0.0161
  2151.000    0.0161
  2152.000    0.0160
  2153.000    0.0160
  2154.000    0.0160
  2155.000    0.0159
  2156.000    0.0159
  2157.000    0.0159
  2158.000    0.0158
  2159.000    0.0158
  2160.000    0.0158
  2161.000    0.0158
  2162.000    0.0157
  2163.000    0.0157
  2164.000    0.0157
  2165.000    0.0156
  2166.000    0.0156
  2167.000    0.0156
  2168.000    0.0156
  2169.000    0.0155
  2170.000    0.0155
  2171.000    0.0155
  2172.000    0.0154
  2173.000    0.0154
  2174.000    0.0154
  2175.000    0.0154
  2176.000    0.0153
  2177.000    0.0153
  2178.000    0.0153
  2179.000    0.0153
  2180.000    0.0152
  2181.000    0.0152
  2182.000    0.0152
  2183.000    0.0151
  2184.000    0.0151
  2185.000    0.0151
  2186.000    0.0151
  2187.000    0.0150
  2188.000    0.0150
  2189.000    0.0150
  2190.000    0.0150
  2191.000    0.0149
  2192.000    0.0149
  2193.000    0.0149
  2194.000    0.0149
  2195.000    0.0148
  2196.000    0.0148
  2197.000    0.0148
  2198.000    0.0148
  2199.000    0.0147
  2200.000    0.0147
  2201.000    0.0147
  2202.000    0.0147
  2203.000    0.0146
  2204.000    0.0146
  2205.000    0.0146
  2206.000    0.0146
  2207.000    0.0146
  2208.000    0.0145
  2209.000    0.0145
  2210.000    0.0145
  2211.000    0.0145
  2212.000    0.0144
  2213.000    0.0144
  2214.000    0.0144
  2215.000    0.0144
  2216.000    0.0143
  2217.000    0.0143
  2218.000    0.0143
  2219.000    0.0143
  2220.000    0.0143
  2221.000    0.0142
  2222.000    0.0142
  2223.000    0.0142
  2224.000    0.0142
  2225.000    0.0141
  2226.000    0.0141
  2227.000    0.0141
  2228.000    0.0141
  2229.000    0.0141
  2230.000    0.0140
  2231.000    0.0140
  2232.000    0.0140
  2233.000    0.0140
  2234.000    0.0140
  2235.000    0.0139
  2236.000    0.0139
  2237.000    0.0139
  2238.000    0.0139
  2239.000    0.0139
  2240.000    0.0138
  2241.000    0.0138
  2242.000    0.0138
  2243.000    0.0138
  2244.000    0.0138
  2245.000    0.0137
  2246.000    0.0137
  2247.000    0.0137
  2248.000    0.0137
  2249.000    0.0137
  2250.000    0.0136
  2251.000    0.0136
  2252.000    0.0136
  2253.000    0.0136
  2254.000    0.0136
  2255.000    0.0135
  2256.000    0.0135
  2257.000    0.0135
  2258.000    0.0135
  2259.000    0.0135
  2260.000    0.0135
  2261.000    0.0134
  2262.000    0.0134
  2263.000    0.0134
  2264.000    0.0134
  2265.000    0.0134
  2266.000    0.0133
  2267.000    0.0133
  2268.000    0.0133
  2269.000    0.0133
  2270.000    0.0133
  2271.000    0.0133
  2272.000    0.0132
  2273.000    0.0132
  2274.000    0.0132
  2275.000    0.0132
  2276.000    0.0132
  2277.000    0.0132
  2278.000    0.0131
  2279.000    0.0131
  2280.000    0.0131
  2281.000    0.0131
  2282.000    0.0131
  2283.000    0.0131
  2284.000    0.0130
  2285.000    0.0130
  2286.000    0.0130
  2287.000    0.0130
  2288.000    0.0130
  2289.000    0.0130
  2290.000    0.0130
  2291.000    0.0129
  2292.000    0.0129
  2293.000    0.0129
  2294.000    0.0129
  2295.000    0.0129
  2296.000    0.0129
  2297.000    0.0128
  2298.000    0.0128
  2299.000    0.0128
  2300.000    0.0128
  2301.000    0.0128
  2302.000    0.0128
  2303.000    0.0128
  2304.000    0.0127
  2305.000    0.0127
  2306.000    0.0127
  2307.000    0.0127
  2308.000    0.0127
  2309.000    0.0127
  2310.000    0.0127
  2311.000    0.0126
  2312.000    0.0126
  2313.000    0.0126
  2314.000    0.0126
  2315.000    0.0126
  2316.000    0.0126
  2317.000    0.0126
  2318.000    0.0126
  2319.000    0.0125
  2320.000    0.0125
  2321.000    0.0125
  2322.000    0.0125
  2323.000    0.0125
  2324.000    0.0125
  2325.000    0.0125
  2326.000    0.0125
  2327.000    0.0124
  2328.000    0.0124
  2329.000    0.0124
  2330.000    0.0124
  2331.000    0.0124
  2332.000    0.0124
  2333.000    0.0124
  2334.000    0.0124
  2335.000    0.0123
  2336.000    0.0123
  2337.000    0.0123
  2338.000    0.0123
  2339.000    0.0123
  2340.000    0.0123
  2341.000    0.0123
  2342.000    0.0123
  2343.000    0.0122
  2344.000    0.0122
  2345.000    0.0122
  2346.000    0.0122
  2347.000    0.0122
  2348.000    0.0122
  2349.000    0.0122
  2350.000    0.0122
  2351.000    0.0122
  2352.000    0.0122
  2353.000    0.0121
  2354.000    0.0121
  2355.000    0.0121
  2356.000    0.0121
  2357.000    0.0121
  2358.000    0.0121
  2359.000    0.0121
  2360.000    0.0121
  2361.000    0.0121
  2362.000    0.0121
  2363.000    0.0120
  2364.000    0.0120
  2365.000    0.0120
  2366.000    0.0120
  2367.000    0.0120
  2368.000    0.0120
  2369.000    0.0120
  2370.000    0.0120
  2371.000    0.0120
  2372.000    0.0120
  2373.000    0.0119
  2374.000    0.0119
  2375.000    0.0119
  2376.000    0.0119
  2377.000    0.0119
  2378.000    0.0119
  2379.000    0.0119
  2380.000    0.0119
  2381.000    0.0119
  2382.000    0.0119
  2383.000    0.0119
  2384.000    0.0119
  2385.000    0.0118
  2386.000    0.0118
  2387.000    0.0118
  2388.000    0.0118
  2389.000    0.0118
  2390.000    0.0118
  2391.000    0.0118
  2392.000    0.0118
  2393.000    0.0118
  2394.000    0.0118
  2395.000    0.0118
  2396.000    0.0118
  2397.000    0.0118
  2398.000    0.0117
  2399.000    0.0117
  2400.000    0.0117
  2401.000    0.0117
  2402.000    0.0117
  2403.000    0.0117
  2404.000    0.0117
  2405.000    0.0117
  2406.000    0.0117
  2407.000    0.0117
  2408.000    0.0117
  2409.000    0.0117
  2410.000    0.0117
  2411.000    0.0117
  2412.000    0.0117
  2413.000    0.0117
  2414.000    0.0116
  2415.000    0.0116
  2416.000    0.0116
  2417.000    0.0116
  2418.000    0.0116
  2419.000    0.0116
  2420.000    0.0116
  2421.000    0.0116
  2422.000    0.0116
  2423.000    0.0116
  2424.000    0.0116
  2425.000    0.0116
  2426.000    0.0116
  2427.000    0.0116
  2428.000    0.0116
  2429.000    0.0116
  2430.000    0.0116
  2431.000    0.0116
  2432.000    0.0116
  2433.000    0.0115
  2434.000    0.0115
  2435.000    0.0115
  2436.000    0.0115
  2437.000    0.0115
  2438.000    0.0115
  2439.000    0.0115
  2440.000    0.0115
  2441.000    0.0115
  2442.000    0.0115
  2443.000    0.0115
  2444.000    0.0115
  2445.000    0.0115
  2446.000    0.0115
  2447.000    0.0115
  2448.000    0.0115
  2449.000    0.0115
  2450.000    0.0115
  2451.000    0.0115
  2452.000    0.0115
  2453.000    0.0115
  2454.000    0.0115
  2455.000    0.0115
  2456.000    0.0115
  2457.000    0.0115
  2458.000    0.0115
  2459.000    0.0115
  2460.000    0.0115
  2461.000    0.0115
  2462.000    0.0115
  2463.000    0.0114
  2464.000    0.0114
  2465.000    0.0114
  2466.000    0.0114
  2467.000    0.0114
  2468.000    0.0114
  2469.000    0.0114
  2470.000    0.0114
  2471.000    0.0114
  2472.000    0.0114
  2473.000    0.0114
  2474.000    0.0114
  2475.000    0.0114
  2476.000    0.0114
  2477.000    0.0114
  2478.000    0.0114
  2479.000    0.0114
  2480.000    0.0114
  2481.000    0.0114
  2482.000    0.0114
  2483.000    0.0114
  2484.000    0.0114
  2485.000    0.0114
  2486.000    0.0114
  2487.000    0.0114
  2488.000    0.0114
  2489.000    0.0114
  2490.000    0.0114
  2491.000    0.0114
  2492.000    0.0114
  2493.000    0.0114
  2494.000    0.0114
  2495.000    0.0114
  2496.000    0.0114
  2497.000    0.0114
  2498.000    0.0114
  2499.000    0.0114
  2500.000    0.0114
  2501.000    0.0114
  2502.000    0.0114
  2503.000    0.0114
  2504.000    0.0114
  2505.000    0.0114
  2506.000    0.0114
  2507.000    0.0114
  2508.000    0.0114
  2509.000    0.0114
  2510.000    0.0114
  2511.000    0.0114
  2512.000    0.0114
  2513.000    0.0114
  2514.000    0.0114
  2515.000    0.0115
  2516.000    0.0115
  2517.000    0.0115
  2518.000    0.0115
  2519.000    0.0115
  2520.000    0.0115
  2521.000    0.0115
  2522.000    0.0115
  2523.000    0.0115
  2524.000    0.0115
  2525.000    0.0115
  2526.000    0.0115
  2527.000    0.0115
  2528.000    0.0115
  2529.000    0.0115
  2530.000    0.0115
  2531.000    0.0115
  2532.000    0.0115
  2533.000    0.0115
  2534.000    0.0115
  2535.000    0.0115
  2536.000    0.0115
  2537.000    0.0115
  2538.000    0.0115
  2539.000    0.0115
  2540.000    0.0115
  2541.000    0.0115
  2542.000    0.0115
  2543.000    0.0116
  2544.000    0.0116
  2545.000    0.0116
  2546.000    0.0116
  2547.000    0.0116
  2548.000    0.0116
  2549.000    0.0116
  2550.000    0.0116
  2551.000    0.0116
  2552.000    0.0116
  2553.000    0.0116
  2554.000    0.0116
  2555.000    0.0116
  2556.000    0.0116
  2557.000    0.0116
  2558.000    0.0116
  2559.000    0.0116
  2560.000    0.0117
  2561.000    0.0117
  2562.000    0.0117
  2563.000    0.0117
  2564.000    0.0117
  2565.000    0.0117
  2566.000    0.0117
  2567.000    0.0117
  2568.000    0.0117
  2569.000    0.0117
  2570.000    0.0117
  2571.000    0.0117
  2572.000    0.0117
  2573.000    0.0118
  2574.000    0.0118
  2575.000    0.0118
  2576.000    0.0118
  2577.000    0.0118
  2578.000    0.0118
  2579.000    0.0118
  2580.000    0.0118
  2581.000    0.0118
  2582.000    0.0118
  2583.000    0.0118
  2584.000    0.0119
  2585.000    0.0119
  2586.000    0.0119
  2587.000    0.0119
  2588.000    0.0119
  2589.000    0.0119
  2590.000    0.0119
  2591.000    0.0119
  2592.000    0.0119
  2593.000    0.0119
  2594.000    0.0120
  2595.000    0.0120
  2596.000    0.0120
  2597.000    0.0120
  2598.000    0.0120
  2599.000    0.0120
  2600.000    0.0120
  2601.000    0.0120
  2602.000    0.0121
  2603.000    0.0121
  2604.000    0.0121
  2605.000    0.0121
  2606.000    0.0121
  2607.000    0.0121
  2608.000    0.0121
  2609.000    0.0121
  2610.000    0.0122
  2611.000    0.0122
  2612.000    0.0122
  2613.000    0.0122
  2614.000    0.0122
  2615.000    0.0122
  2616.000    0.0122
  2617.000    0.0123
  2618.000    0.0123
  2619.000    0.0123
  2620.000    0.0123
  2621.000    0.0123
  2622.000    0.0123
  2623.000    0.0123
  2624.000    0.0124
  2625.000    0.0124
  2626.000    0.0124
  2627.000    0.0124
  2628.000    0.0124
  2629.000    0.0124
  2630.000    0.0125
  2631.000    0.0125
  2632.000    0.0125
  2633.000    0.0125
  2634.000    0.0125
  2635.000    0.0125
  2636.000    0.0126
  2637.000    0.0126
  2638.000    0.0126
  2639.000    0.0126
  2640.000    0.0126
  2641.000    0.0127
  2642.000    0.0127
  2643.000    0.0127
  2644.000    0.0127
  2645.000    0.0127
  2646.000    0.0127
  2647.000    0.0128
  2648.000    0.0128
  2649.000    0.0128
  2650.000    0.0128
  2651.000    0.0128
  2652.000    0.0129
  2653.000    0.0129
  2654.000    0.0129
  2655.000    0.0129
  2656.000    0.0130
  2657.000    0.0130
  2658.000    0.0130
  2659.000    0.0130
  2660.000    0.0130
  2661.000    0.0131
  2662.000    0.0131
  2663.000    0.0131
  2664.000    0.0131
  2665.000    0.0132
  2666.000    0.0132
  2667.000    0.0132
  2668.000    0.0132
  2669.000    0.0133
  2670.000    0.0133
  2671.000    0.0133
  2672.000    0.0133
  2673.000    0.0134
  2674.000    0.0134
  2675.000    0.0134
  2676.000    0.0134
  2677.000    0.0135
  2678.000    0.0135
  2679.000    0.0135
  2680.000    0.0135
  2681.000    0.0136
  2682.000    0.0136
  2683.000    0.0136
  2684.000    0.0136
  2685.000    0.0137
  2686.000    0.0137
  2687.000    0.0137
  2688.000    0.0138
  2689.000    0.0138
  2690.000    0.0138
  2691.000    0.0139
  2692.000    0.0139
  2693.000    0.0139
  2694.000    0.0139
  2695.000    0.0140
  2696.000    0.0140
  2697.000    0.0140
  2698.000    0.0141
  2699.000    0.0141
  2700.000    0.0141
  2701.000    0.0142
  2702.000    0.0142
  2703.000    0.0142
  2704.000    0.0143
  2705.000    0.0143
  2706.000    0.0143
  2707.000    0.0144
  2708.000    0.0144
  2709.000    0.0144
  2710.000    0.0145
  2711.000    0.0145
  2712.000    0.0145
  2713.000    0.0146
  2714.000    0.0146
  2715.000    0.0147
  2716.000    0.0147
  2717.000    0.0147
  2718.000    0.0148
  2719.000    0.0148
  2720.000    0.0149
  2721.000    0.0149
  2722.000    0.0149
  2723.000    0.0150
  2724.000    0.0150
  2725.000    0.0151
  2726.000    0.0151
  2727.000    0.0151
  2728.000    0.0152
  2729.000    0.0152
  2730.000    0.0153
  2731.000    0.0153
  2732.000    0.0154
  2733.000    0.0154
  2734.000    0.0154
  2735.000    0.0155
  2736.000    0.0155
  2737.000    0.0156
  2738.000    0.0156
  2739.000    0.0157
  2740.000    0.0157
  2741.000    0.0158
  2742.000    0.0158
  2743.000    0.0159
  2744.000    0.0159
  2745.000    0.0160
  2746.000    0.0160
  2747.000    0.0161
  2748.000    0.0161
  2749.000    0.0162
  2750.000    0.0162
  2751.000    0.0163
  2752.000    0.0163
  2753.000    0.0164
  2754.000    0.0164
  2755.000    0.0165
  2756.000    0.0165
  2757.000    0.0166
  2758.000    0.0167
  2759.000    0.0167
  2760.000    0.0168
  2761.000    0.0168
  2762.000    0.0169
  2763.000    0.0169
  2764.000    0.0170
  2765.000    0.0171
  2766.000    0.0171
  2767.000    0.0172
  2768.000    0.0172
  2769.000    0.0173
  2770.000    0.0174
  2771.000    0.0174
  2772.000    0.0175
  2773.000    0.0176
  2774.000    0.0176
  2775.000    0.0177
  2776.000    0.0178
  2777.000    0.0178
  2778.000    0.0179
  2779.000    0.0180
  2780.000    0.0180
  2781.000    0.0181
  2782.000    0.0182
  2783.000    0.0182
  2784.000    0.0183
  2785.000    0.0184
  2786.000    0.0185
  2787.000    0.0185
  2788.000    0.0186
  2789.000    0.0187
  2790.000    0.0188
  2791.000    0.0188
  2792.000    0.0189
  2793.000    0.0190
  2794.000    0.0191
  2795.000    0.0192
  2796.000    0.0192
  2797.000    0.0193
  2798.000    0.0194
  2799.000    0.0195
  2800.000    0.0196
  2801.000    0.0197
  2802.000    0.0198
  2803.000    0.0198
  2804.000    0.0199
  2805.000    0.0200
  2806.000    0.0201
  2807.000    0.0202
  2808.000    0.0203
  2809.000    0.0204
  2810.000    0.0205
  2811.000    0.0206
  2812.000    0.0207
  2813.000    0.0208
  2814.000    0.0209
  2815.000    0.0210
  2816.000    0.0211
  2817.000    0.0212
  2818.000    0.0213
  2819.000    0.0214
  2820.000    0.0215
  2821.000    0.0216
  2822.000    0.0217
  2823.000    0.0218
  2824.000    0.0219
  2825.000    0.0220
  2826.000    0.0221
  2827.000    0.0223
  2828.000    0.0224
  2829.000    0.0225
  2830.000    0.0226
  2831.000    0.0227
  2832.000    0.0228
  2833.000    0.0230
  2834.000    0.0231
  2835.000    0.0232
  2836.000    0.0233
  2837.000    0.0235
  2838.000    0.0236
  2839.000    0.0237
  2840.000    0.0239
  2841.000    0.0240
  2842.000    0.0241
  2843.000    0.0243
  2844.000    0.0244
  2845.000    0.0245
  2846.000    0.0247
  2847.000    0.0248
  2848.000    0.0250
  2849.000    0.0251
  2850.000    0.0253
  2851.000    0.0254
  2852.000    0.0256
  2853.000    0.0257
  2854.000    0.0259
  2855.000    0.0260
  2856.000    0.0262
  2857.000    0.0263
  2858.000    0.0265
  2859.000    0.0267
  2860.000    0.0268
  2861.000    0.0270
  2862.000    0.0272
  2863.000    0.0274
  2864.000    0.0275
  2865.000    0.0277
  2866.000    0.0279
  2867.000    0.0281
  2868.000    0.0283
  2869.000    0.0284
  2870.000    0.0286
  2871.000    0.0288
  2872.000    0.0290
  2873.000    0.0292
  2874.000    0.0294
  2875.000    0.0296
  2876.000    0.0298
  2877.000    0.0300
  2878.000    0.0302
  2879.000    0.0304
  2880.000    0.0307
  2881.000    0.0309
  2882.000    0.0311
  2883.000    0.0313
  2884.000    0.0315
  2885.000    0.0318
  2886.000    0.0320
  2887.000    0.0322
  2888.000    0.0325
  2889.000    0.0327
  2890.000    0.0330
  2891.000    0.0332
  2892.000    0.0335
  2893.000    0.0337
  2894.000    0.0340
  2895.000    0.0343
  2896.000    0.0345
  2897.000    0.0348
  2898.000    0.0351
  2899.000    0.0353
  2900.000    0.0356
  2901.000    0.0359
  2902.000    0.0362
  2903.000    0.0365
  2904.000    0.0368
  2905.000    0.0371
  2906.000    0.0374
  2907.000    0.0377
  2908.000    0.0380
  2909.000    0.0384
  2910.000    0.0387
  2911.000    0.0390
  2912.000    0.0394
  2913.000    0.0397
  2914.000    0.0401
  2915.000    0.0404
  2916.000    0.0408
  2917.000    0.0411
  2918.000    0.0415
  2919.000    0.0419
  2920.000    0.0423
  2921.000    0.0426
  2922.000    0.0430
  2923.000    0.0434
  2924.000    0.0439
  2925.000    0.0443
  2926.000    0.0447
  2927.000    0.0451
  2928.000    0.0455
  2929.000    0.0460
  2930.000    0.0464
  2931.000    0.0469
  2932.000    0.0474
  2933.000    0.0478
  2934.000    0.0483
  2935.000    0.0488
  2936.000    0.0493
  2937.000    0.0498
  2938.000    0.0503
  2939.000    0.0508
  2940.000    0.0514
  2941.000    0.0519
  2942.000    0.0525
  2943.000    0.0530
  2944.000    0.0536
  2945.000    0.0542
  2946.000    0.0548
  2947.000    0.0554
  2948.000    0.0560
  2949.000    0.0566
  2950.000    0.0572
  2951.000    0.0579
  2952.000    0.0586
  2953.000    0.0592
  2954.000    0.0599
  2955.000    0.0606
  2956.000    0.0613
  2957.000    0.0621
  2958.000    0.0628
  2959.000    0.0636
  2960.000    0.0643
  2961.000    0.0651
  2962.000    0.0659
  2963.000    0.0667
  2964.000    0.0676
  2965.000    0.0684
  2966.000    0.0693
  2967.000    0.0702
  2968.000    0.0711
  2969.000    0.0720
  2970.000    0.0730
  2971.000    0.0739
  2972.000    0.0749
  2973.000    0.0759
  2974.000    0.0770
  2975.000    0.0780
  2976.000    0.0791
  2977.000    0.0802
  2978.000    0.0813
  2979.000    0.0825
  2980.000    0.0836
  2981.000    0.0848
  2982.000    0.0861
  2983.000    0.0873
  2984.000    0.0886
  2985.000    0.0900
  2986.000    0.0913
  2987.000    0.0927
  2988.000    0.0941
  2989.000    0.0956
  2990.000    0.0971
  2991.000    0.0986
  2992.000    0.1002
  2993.000    0.1018
  2994.000    0.1034
  2995.000    0.1051
  2996.000    0.1068
  2997.000    0.1086
  2998.000    0.1104
  2999.000    0.1123
  3000.000    0.1142
  3001.000    0.1162
  3002.000    0.1182
  3003.000    0.1203
  3004.000    0.1225
  3005.000    0.1247
  3006.000    0.1269
  3007.000    0.1293
  3008.000    0.1317
  3009.000    0.1342
  3010.000    0.1367
  3011.000    0.1393
  3012.000    0.1420
  3013.000    0.1448
  3014.000    0.1477
  3015.000    0.1506
  3016.000    0.1537
  3017.000    0.1568
  3018.000    0.1601
  3019.000    0.1635
  3020.000    0.1669
  3021.000    0.1705
  3022.000    0.1742
  3023.000    0.1780
  3024.000    0.1820
  3025.000    0.1861
  3026.000    0.1903
  3027.000    0.1947
  3028.000    0.1993
  3029.000    0.2040
  3030.000    0.2089
  3031.000    0.2140
  3032.000    0.2193
  3033.000    0.2247
  3034.000    0.2304
  3035.000    0.2363
  3036.000    0.2425
  3037.000    0.2489
  3038.000    0.2555
  3039.000    0.2625
  3040.000    0.2697
  3041.000    0.2772
  3042.000    0.2851
  3043.000    0.2933
  3044.000    0.3019
  3045.000    0.3109
  3046.000    0.3203
  3047.000    0.3301
  3048.000    0.3404
  3049.000    0.3512
  3050.000    0.3626
  3051.000    0.3745
  3052.000    0.3870
  3053.000    0.4002
  3054.000    0.4140
  3055.000    0.4286
  3056.000    0.4441
  3057.000    0.4603
  3058.000    0.4776
  3059.000    0.4958
  3060.000    0.5151
  3061.000    0.5355
  3062.000    0.5573
  3063.000    0.5804
  3064.000    0.6050
  3065.000    0.6313
  3066.000    0.6593
  3067.000    0.6893
  3068.000    0.7214
  3069.000    0.7559
  3070.000    0.7929
  3071.000    0.8328
  3072.000    0.8758
  3073.000    0.9223
  3074.000    0.9727
  3075.000    1.0275
  3076.000    1.0871
  3077.000    1.1521
  3078.000    1.2233
  3079.000    1.3015
  3080.000    1.3875
  3081.000    1.4826
  3082.000    1.5879
  3083.000    1.7052
  3084.000    1.8363
  3085.000    1.9834
  3086.000    2.1493
  3087.000    2.3374
  3088.000    2.5517
  3089.000    2.7975
  3090.000    3.0812
  3091.000    3.4110
  3092.000    3.7972
  3093.000    4.2532
  3094.000    4.7965
  3095.000    5.4497
  3096.000    6.2431
  3097.000    7.2160
  3098.000    8.4205
  3099.000    9.9236
  3100.000   11.8076
  3101.000   14.1634
  3102.000   17.0639
  3103.000   20.5005
  3104.000   24.2652
  3105.000   27.8255
  3106.000   30.3639
  3107.000   31.1599
  3108.000   30.1074
  3109.000   27.8172
  3110.000   25.1837
  3111.000   22.9116
  3112.000   21.3761
  3113.000   20.7198
  3114.000   20.9762
  3115.000   22.1266
  3116.000   24.0749
  3117.000   26.5506
  3118.000   28.9982
  3119.000   30.6158
  3120.000   30.6786
  3121.000   28.9679
  3122.000   25.9031
  3123.000   22.2443
  3124.000   18.6585
  3125.000   15.5092
  3126.000   12.9001
  3127.000   10.7968
  3128.000    9.1167
  3129.000    7.7736
  3130.000    6.6932
  3131.000    5.8166
  3132.000    5.0984
  3133.000    4.5041
  3134.000    4.0077
  3135.000    3.5892
  3136.000    3.2333
  3137.000    2.9283
  3138.000    2.6650
  3139.000    2.4361
  3140.000    2.2359
  3141.000    2.0598
  3142.000    1.9040
  3143.000    1.7655
  3144.000    1.6419
  3145.000    1.5310
  3146.000    1.4312
  3147.000    1.3410
  3148.000    1.2592
  3149.000    1.1848
  3150.000    1.1169
  3151.000    1.0548
  3152.000    0.9978
  3153.000    0.9454
  3154.000    0.8971
  3155.000    0.8525
  3156.000    0.8111
  3157.000    0.7728
  3158.000    0.7371
  3159.000    0.7039
  3160.000    0.6730
  3161.000    0.6440
  3162.000    0.6170
  3163.000    0.5916
  3164.000    0.5678
  3165.000    0.5454
  3166.000    0.5243
  3167.000    0.5045
  3168.000    0.4858
  3169.000    0.4681
  3170.000    0.4514
  3171.000    0.4355
  3172.000    0.4206
  3173.000    0.4063
  3174.000    0.3929
  3175.000    0.3800
  3176.000    0.3678
  3177.000    0.3562
  3178.000    0.3452
  3179.000    0.3346
  3180.000    0.3246
  3181.000    0.3150
  3182.000    0.3058
  3183.000    0.2971
  3184.000    0.2887
  3185.000    0.2806
  3186.000    0.2729
  3187.000    0.2656
  3188.000    0.2585
  3189.000    0.2517
  3190.000    0.2452
  3191.000    0.2389
  3192.000    0.2329
  3193.000    0.2271
  3194.000    0.2215
  3195.000    0.2161
  3196.000    0.2110
  3197.000    0.2060
  3198.000    0.2012
  3199.000    0.1966
  3200.000    0.1921
  3201.000    0.1878
  3202.000    0.1836
  3203.000    0.1796
  3204.000    0.1757
  3205.000    0.1719
  3206.000    0.1683
  3207.000    0.1648
  3208.000    0.1613
  3209.000    0.1580
  3210.000    0.1548
  3211.000    0.1517
  3212.000    0.1487
  3213.000    0.1458
  3214.000    0.1430
  3215.000    0.1403
  3216.000    0.1376
  3217.000    0.1350
  3218.000    0.1325
  3219.000    0.1301
  3220.000    0.1277
  3221.000    0.1254
  3222.000    0.1231
  3223.000    0.1210
  3224.000    0.1189
  3225.000    0.1168
  3226.000    0.1148
  3227.000    0.1128
  3228.000    0.1109
  3229.000    0.1091
  3230.000    0.1073
  3231.000    0.1055
  3232.000    0.1038
  3233.000    0.1021
  3234.000    0.1005
  3235.000    0.0989
  3236.000    0.0974
  3237.000    0.0959
  3238.000    0.0944
  3239.000    0.0930
  3240.000    0.0916
  3241.000    0.0902
  3242.000    0.0888
  3243.000    0.0875
  3244.000    0.0863
  3245.000    0.0850
  3246.000    0.0838
  3247.000    0.0826
  3248.000    0.0814
  3249.000    0.0803
  3250.000    0.0792
  3251.000    0.0781
  3252.000    0.0770
  3253.000    0.0760
  3254.000    0.0750
  3255.000    0.0740
  3256.000    0.0730
  3257.000    0.0720
  3258.000    0.0711
  3259.000    0.0702
  3260.000    0.0693
  3261.000    0.0684
  3262.000    0.0675
  3263.000    0.0667
  3264.000    0.0658
  3265.000    0.0650
  3266.000    0.0642
  3267.000    0.0635
  3268.000    0.0627
  3269.000    0.0619
  3270.000    0.0612
  3271.000    0.0605
  3272.000    0.0598
  3273.000    0.0591
  3274.000    0.0584
  3275.000    0.0577
  3276.000    0.0571
  3277.000    0.0564
  3278.000    0.0558
  3279.000    0.0552
  3280.000    0.0546
  3281.000    0.0540
  3282.000    0.0534
  3283.000    0.0528
  3284.000    0.0522
  3285.000    0.0517
  3286.000    0.0511
  3287.000    0.0506
  3288.000    0.0501
  3289.000    0.0495
  3290.000    0.0490
  3291.000    0.0485
  3292.000    0.0480
  3293.000    0.0475
  3294.000    0.0471
  3295.000    0.0466
  3296.000    0.0461
  3297.000    0.0457
  3298.000    0.0452
  3299.000    0.0448
  3300.000    0.0444
  3301.000    0.0439
  3302.000    0.0435
  3303.000    0.0431
  3304.000    0.0427
  3305.000    0.0423
  3306.000    0.0419
  3307.000    0.0415
  3308.000    0.0412
  3309.000    0.0408
  3310.000    0.0404
  3311.000    0.0400
  3312.000    0.0397
  3313.000    0.0393
  3314.000    0.0390
  3315.000    0.0387
  3316.000    0.0383
  3317.000    0.0380
  3318.000    0.0377
  3319.000    0.0373
  3320.000    0.0370
  3321.000    0.0367
  3322.000    0.0364
  3323.000    0.0361
  3324.000    0.0358
  3325.000    0.0355
  3326.000    0.0352
  3327.000    0.0349
  3328.000    0.0347
  3329.000    0.0344
  3330.000    0.0341
  3331.000    0.0338
  3332.000    0.0336
  3333.000    0.0333
  3334.000    0.0331
  3335.000    0.0328
  3336.000    0.0325
  3337.000    0.0323
  3338.000    0.0321
  3339.000    0.0318
  3340.000    0.0316
  3341.000    0.0313
  3342.000    0.0311
  3343.000    0.0309
  3344.000    0.0307
  3345.000    0.0304
  3346.000    0.0302
  3347.000    0.0300
  3348.000    0.0298
  3349.000    0.0296
  3350.000    0.0294
  3351.000    0.0292
  3352.000    0.0290
  3353.000    0.0288
  3354.000    0.0286
  3355.000    0.0284
  3356.000    0.0282
  3357.000    0.0280
  3358.000    0.0278
  3359.000    0.0276
  3360.000    0.0274
  3361.000    0.0273
  3362.000    0.0271
  3363.000    0.0269
  3364.000    0.0267
  3365.000    0.0266
  3366.000    0.0264
  3367.000    0.0262
  3368.000    0.0261
  3369.000    0.0259
  3370.000    0.0257
  3371.000    0.0256
  3372.000    0.0254
  3373.000    0.0253
  3374.000    0.0251
  3375.000    0.0250
  3376.000    0.0248
  3377.000    0.0247
  3378.000    0.0245
  3379.000    0.0244
  3380.000    0.0242
  3381.000    0.0241
  3382.000    0.0240
  3383.000    0.0238
  3384.000    0.0237
  3385.000    0.0236
  3386.000    0.0234
  3387.000    0.0233
  3388.000    0.0232
  3389.000    0.0231
  3390.000    0.0229
  3391.000    0.0228
  3392.000    0.0227
  3393.000    0.0226
  3394.000    0.0224
  3395.000    0.0223
  3396.000    0.0222
  3397.000    0.0221
  3398.000    0.0220
  3399.000    0.0219
  3400.000    0.0218
  3401.000    0.0217
  3402.000    0.0215
  3403.000    0.0214
  3404.000    0.0213
  3405.000    0.0212
  3406.000    0.0211
  3407.000    0.0210
  3408.000    0.0209
  3409.000    0.0208
  3410.000    0.0207
  3411.000    0.0206
  3412.000    0.0205
  3413.000    0.0204
  3414.000    0.0204
  3415.000    0.0203
  3416.000    0.0202
  3417.000    0.0201
  3418.000    0.0200
  3419.000    0.0199
  3420.000    0.0198
  3421.000    0.0197
  3422.000    0.0196
  3423.000    0.0196
  3424.000    0.0195
  3425.000    0.0194
  3426.000    0.0193
  3427.000    0.0192
  3428.000    0.0192
  3429.000    0.0191
  3430.000    0.0190
  3431.000    0.0189
  3432.000    0.0189
  3433.000    0.0188
  3434.000    0.0187
  3435.000    0.0186
  3436.000    0.0186
  3437.000    0.0185
  3438.000    0.0184
  3439.000    0.0184
  3440.000    0.0183
  3441.000    0.0182
  3442.000    0.0182
  3443.000    0.0181
  3444.000    0.0180
  3445.000    0.0180
  3446.000    0.0179
  3447.000    0.0179
  3448.000    0.0178
  3449.000    0.0177
  3450.000    0.0177
  3451.000    0.0176
  3452.000    0.0176
  3453.000    0.0175
  3454.000    0.0175
  3455.000    0.0174
  3456.000    0.0174
  3457.000    0.0173
  3458.000    0.0173
  3459.000    0.0172
  3460.000    0.0172
  3461.000    0.0171
  3462.000    0.0171
  3463.000    0.0170
  3464.000    0.0170
  3465.000    0.0169
  3466.000    0.0169
  3467.000    0.0168
  3468.000    0.0168
  3469.000    0.0167
  3470.000    0.0167
  3471.000    0.0167
  3472.000    0.0166
  3473.000    0.0166
  3474.000    0.0165
  3475.000    0.0165
  3476.000    0.0165
  3477.000    0.0164
  3478.000    0.0164
  3479.000    0.0164
  3480.000    0.0163
  3481.000    0.0163
  3482.000    0.0163
  3483.000    0.0162
  3484.000    0.0162
  3485.000    0.0162
  3486.000    0.0161
  3487.000    0.0161
  3488.000    0.0161
  3489.000    0.0161
  3490.000    0.0160
  3491.000    0.0160
  3492.000    0.0160
  3493.000    0.0159
  3494.000    0.0159
  3495.000    0.0159
  3496.000    0.0159
  3497.000    0.0159
  3498.000    0.0158
  3499.000    0.0158
  3500.000    0.0158
  3501.000    0.0158
  3502.000    0.0158
  3503.000    0.0157
  3504.000    0.0157
  3505.000    0.0157
  3506.000    0.0157
  3507.000    0.0157
  3508.000    0.0157
  3509.000    0.0157
  3510.000    0.0156
  3511.000    0.0156
  3512.000    0.0156
  3513.000    0.0156
  3514.000    0.0156
  3515.000    0.0156
  3516.000    0.0156
  3517.000    0.0156
  3518.000    0.0156
  3519.000    0.0156
  3520.000    0.0156
  3521.000    0.0156
  3522.000    0.0156
  3523.000    0.0156
  3524.000    0.0156
  3525.000    0.0156
  3526.000    0.0156
  3527.000    0.0156
  3528.000    0.0156
  3529.000    0.0156
  3530.000    0.0156
  3531.000    0.0156
  3532.000    0.0156
  3533.000    0.0156
  3534.000    0.0156
  3535.000    0.0156
  3536.000    0.0156
  3537.000    0.0157
  3538.000    0.0157
  3539.000    0.0157
  3540.000    0.0157
  3541.000    0.0157
  3542.000    0.0157
  3543.000    0.0158
  3544.000    0.0158
  3545.000    0.0158
  3546.000    0.0158
  3547.000    0.0158
  3548.000    0.0159
  3549.000    0.0159
  3550.000    0.0159
  3551.000    0.0159
  3552.000    0.0160
  3553.000    0.0160
  3554.000    0.0160
  3555.000    0.0161
  3556.000    0.0161
  3557.000    0.0161
  3558.000    0.0162
  3559.000    0.0162
  3560.000    0.0162
  3561.000    0.0163
  3562.000    0.0163
  3563.000    0.0164
  3564.000    0.0164
  3565.000    0.0165
  3566.000    0.0165
  3567.000    0.0166
  3568.000    0.0166
  3569.000    0.0167
  3570.000    0.0167
  3571.000    0.0168
  3572.000    0.0168
  3573.000    0.0169
  3574.000    0.0169
  3575.000    0.0170
  3576.000    0.0171
  3577.000    0.0171
  3578.000    0.0172
  3579.000    0.0173
  3580.000    0.0174
  3581.000    0.0174
  3582.000    0.0175
  3583.000    0.0176
  3584.000    0.0177
  3585.000    0.0177
  3586.000    0.0178
  3587.000    0.0179
  3588.000    0.0180
  3589.000    0.0181
  3590.000    0.0182
  3591.000    0.0183
  3592.000    0.0184
  3593.000    0.0185
  3594.000    0.0186
  3595.000    0.0187
  3596.000    0.0188
  3597.000    0.0189
  3598.000    0.0191
  3599.000    0.0192
  3600.000    0.0193
  3601.000    0.0194
  3602.000    0.0196
  3603.000    0.0197
  3604.000    0.0198
  3605.000    0.0200
  3606.000    0.0201
  3607.000    0.0203
  3608.000    0.0204
  3609.000    0.0206
  3610.000    0.0207
  3611.000    0.0209
  3612.000    0.0211
  3613.000    0.0212
  3614.000    0.0214
  3615.000    0.0216
  3616.000    0.0218
  3617.000    0.0220
  3618.000    0.0222
  3619.000    0.0224
  3620.000    0.0226
  3621.000    0.0228
  3622.000    0.0230
  3623.000    0.0233
  3624.000    0.0235
  3625.000    0.0237
  3626.000    0.0240
  3627.000    0.0242
  3628.000    0.0245
  3629.000    0.0248
  3630.000    0.0250
  3631.000    0.0253
  3632.000    0.0256
  3633.000    0.0259
  3634.000    0.0262
  3635.000    0.0265
  3636.000    0.0269
  3637.000    0.0272
  3638.000    0.0276
  3639.000    0.0279
  3640.000    0.0283
  3641.000    0.0287
  3642.000    0.0291
  3643.000    0.0295
  3644.000    0.0299
  3645.000    0.0303
  3646.000    0.0308
  3647.000    0.0312
  3648.000    0.0317
  3649.000    0.0322
  3650.000    0.0327
  3651.000    0.0332
  3652.000    0.0337
  3653.000    0.0343
  3654.000    0.0349
  3655.000    0.0355
  3656.000    0.0361
  3657.000    0.0367
  3658.000    0.0374
  3659.000    0.0381
  3660.000    0.0388
  3661.000    0.0395
  3662.000    0.0403
  3663.000    0.0411
  3664.000    0.0419
  3665.000    0.0428
  3666.000    0.0437
  3667.000    0.0446
  3668.000    0.0456
  3669.000    0.0466
  3670.000    0.0476
  3671.000    0.0487
  3672.000    0.0498
  3673.000    0.0510
  3674.000    0.0522
  3675.000    0.0535
  3676.000    0.0548
  3677.000    0.0562
  3678.000    0.0577
  3679.000    0.0592
  3680.000    0.0608
  3681.000    0.0625
  3682.000    0.0642
  3683.000    0.0660
  3684.000    0.0680
  3685.000    0.0700
  3686.000    0.0721
  3687.000    0.0744
  3688.000    0.0767
  3689.000    0.0792
  3690.000    0.0818
  3691.000    0.0846
  3692.000    0.0875
  3693.000    0.0906
  3694.000    0.0938
  3695.000    0.0973
  3696.000    0.1010
  3697.000    0.1049
  3698.000    0.1090
  3699.000    0.1134
  3700.000    0.1181
  3701.000    0.1232
  3702.000    0.1285
  3703.000    0.1343
  3704.000    0.1404
  3705.000    0.1471
  3706.000    0.1542
  3707.000    0.1619
  3708.000    0.1702
  3709.000    0.1791
  3710.000    0.1889
  3711.000    0.1994
  3712.000    0.2109
  3713.000    0.2235
  3714.000    0.2372
  3715.000    0.2523
  3716.000    0.2689
  3717.000    0.2872
  3718.000    0.3074
  3719.000    0.3300
  3720.000    0.3551
  3721.000    0.3832
  3722.000    0.4147
  3723.000    0.4504
  3724.000    0.4908
  3725.000    0.5369
  3726.000    0.5898
  3727.000    0.6507
  3728.000    0.7214
  3729.000    0.8040
  3730.000    0.9013
  3731.000    1.0166
  3732.000    1.1547
  3733.000    1.3214
  3734.000    1.5245
  3735.000    1.7745
  3736.000    2.0851
  3737.000    2.4745
  3738.000    2.9660
  3739.000    3.5877
  3740.000    4.3694
  3741.000    5.3313
  3742.000    6.4573
  3743.000    7.6487
  3744.000    8.6817
  3745.000    9.2452
  3746.000    9.1199
  3747.000    8.3581
  3748.000    7.2372
  3749.000    6.0506
  3750.000    4.9761
  3751.000    4.0778
  3752.000    3.3549
  3753.000    2.7819
  3754.000    2.3288
  3755.000    1.9691
  3756.000    1.6813
  3757.000    1.4489
  3758.000    1.2595
  3759.000    1.1035
  3760.000    0.9739
  3761.000    0.8652
  3762.000    0.7734
  3763.000    0.6952
  3764.000    0.6280
  3765.000    0.5701
  3766.000    0.5197
  3767.000    0.4756
  3768.000    0.4369
  3769.000    0.4027
  3770.000    0.3724
  3771.000    0.3454
  3772.000    0.3212
  3773.000    0.2995
  3774.000    0.2799
  3775.000    0.2622
  3776.000    0.2461
  3777.000    0.2315
  3778.000    0.2182
  3779.000    0.2060
  3780.000    0.1948
  3781.000    0.1845
  3782.000    0.1750
  3783.000    0.1663
  3784.000    0.1582
  3785.000    0.1507
  3786.000    0.1437
  3787.000    0.1372
  3788.000    0.1312
  3789.000    0.1255
  3790.000    0.1202
  3791.000    0.1153
  3792.000    0.1107
  3793.000    0.1063
  3794.000    0.1022
  3795.000    0.0984
  3796.000    0.0948
  3797.000    0.0914
  3798.000    0.0881
  3799.000    0.0851
  3800.000    0.0822
  3801.000    0.0795
  3802.000    0.0769
  3803.000    0.0744
  3804.000    0.0721
  3805.000    0.0698
  3806.000    0.0677
  3807.000    0.0657
  3808.000    0.0638
  3809.000    0.0620
  3810.000    0.0602
  3811.000    0.0585
  3812.000    0.0569
  3813.000    0.0554
  3814.000    0.0540
  3815.000    0.0526
  3816.000    0.0512
  3817.000    0.0499
  3818.000    0.0487
  3819.000    0.0475
  3820.000    0.0464
  3821.000    0.0453
  3822.000    0.0442
  3823.000    0.0432
  3824.000    0.0422
  3825.000    0.0413
  3826.000    0.0404
  3827.000    0.0395
  3828.000    0.0387
  3829.000    0.0379
  3830.000    0.0371
  3831.000    0.0363
  3832.000    0.0356
  3833.000    0.0349
  3834.000    0.0342
  3835.000    0.0335
  3836.000    0.0329
  3837.000    0.0323
  3838.000    0.0317
  3839.000    0.0311
  3840.000    0.0305
  3841.000    0.0300
  3842.000    0.0295
  3843.000    0.0290
  3844.000    0.0285
  3845.000    0.0280
  3846.000    0.0275
  3847.000    0.0270
  3848.000    0.0266
  3849.000    0.0262
  3850.000    0.0258
