#v / cm^-1	
-220	0.002099738
-219	0.002099738
-218	0.002134733
-217	0.002134733
-216	0.002169729
-215	0.002169729
-214	0.002204724
-213	0.002204724
-212	0.00223972
-211	0.00223972
-210	0.002274716
-209	0.002274716
-208	0.002309711
-207	0.002309711
-206	0.002344707
-205	0.002344707
-204	0.002379703
-203	0.002379703
-202	0.002414698
-201	0.002449694
-200	0.002449694
-199	0.002484689
-198	0.002484689
-197	0.002519685
-196	0.002554681
-195	0.002554681
-194	0.002589676
-193	0.002624672
-192	0.002624672
-191	0.002659668
-190	0.002694663
-189	0.002694663
-188	0.002729659
-187	0.002764654
-186	0.002764654
-185	0.00279965
-184	0.002834646
-183	0.002869641
-182	0.002869641
-181	0.002904637
-180	0.002939633
-179	0.002974628
-178	0.003009624
-177	0.003044619
-176	0.003079615
-175	0.003114611
-174	0.003149606
-173	0.003184602
-172	0.003219598
-171	0.003254593
-170	0.003289589
-169	0.003324584
-168	0.00335958
-167	0.003394576
-166	0.003429571
-165	0.003464567
-164	0.003534558
-163	0.003569554
-162	0.003604549
-161	0.003674541
-160	0.003709536
-159	0.003779528
-158	0.003814523
-157	0.003884514
-156	0.003954506
-155	0.004024497
-154	0.004094488
-153	0.004164479
-152	0.004234471
-151	0.004304462
-150	0.004374453
-149	0.00447944
-148	0.004549431
-147	0.004654418
-146	0.004759405
-145	0.004864392
-144	0.005004374
-143	0.005144357
-142	0.005284339
-141	0.005424322
-140	0.0055993
-139	0.005774278
-138	0.005984252
-137	0.006229221
-136	0.006474191
-135	0.006789151
-134	0.007104112
-133	0.007489064
-132	0.007909011
-131	0.00839895
-130	0.008993876
-129	0.009658793
-128	0.010498688
-127	0.011478565
-126	0.012668416
-125	0.014173228
-124	0.015993001
-123	0.018302712
-122	0.021207349
-121	0.02488189
-120	0.02936133
-119	0.034715661
-118	0.040524934
-117	0.045844269
-116	0.049168854
-115	0.049238845
-114	0.046089239
-113	0.040944882
-112	0.035275591
-111	0.030061242
-110	0.025686789
-109	0.022187227
-108	0.019387577
-107	0.017252843
-106	0.015538058
-105	0.014208224
-104	0.013158355
-103	0.01231846
-102	0.011688539
-101	0.011163605
-100	0.010743657
-99	0.010428696
-98	0.010183727
-97	0.010008749
-96	0.009903762
-95	0.009833771
-94	0.009798775
-93	0.009798775
-92	0.009868766
-91	0.009938758
-90	0.01007874
-89	0.010253718
-88	0.010463692
-87	0.010708661
-86	0.011023622
-85	0.011408574
-84	0.011863517
-83	0.012388451
-82	0.013018373
-81	0.013753281
-80	0.014663167
-79	0.015748031
-78	0.017112861
-77	0.018792651
-76	0.020857393
-75	0.023482065
-74	0.026771654
-73	0.030866142
-72	0.035835521
-71	0.041539808
-70	0.047314086
-69	0.051968504
-68	0.053928259
-67	0.05256343
-66	0.04839895
-65	0.043009624
-64	0.037620297
-63	0.032930884
-62	0.029081365
-61	0.026106737
-60	0.023832021
-59	0.02208224
-58	0.020787402
-57	0.019877515
-56	0.019212598
-55	0.018792651
-54	0.018547682
-53	0.018512686
-52	0.018652668
-51	0.018932633
-50	0.019422572
-49	0.020087489
-48	0.02096238
-47	0.02208224
-46	0.023447069
-45	0.025056868
-44	0.02687664
-43	0.028836395
-42	0.030936133
-41	0.033070866
-40	0.035240595
-39	0.037375328
-38	0.039405074
-37	0.041259843
-36	0.042904637
-35	0.044339458
-34	0.045669291
-33	0.046894138
-32	0.048048994
-31	0.049168854
-30	0.050253718
-29	0.051233596
-28	0.052143482
-27	0.052983377
-26	0.053788276
-25	0.05455818
-24	0.055433071
-23	0.056447944
-22	0.0576028
-21	0.058897638
-20	0.060297463
-19	0.061767279
-18	0.063167104
-17	0.064496938
-16	0.065616798
-15	0.066386702
-14	0.066736658
-13	0.066631671
-12	0.066071741
-11	0.06519685
-10	0.064041995
-9	0.062712161
-8	0.061382327
-7	0.060087489
-6	0.058967629
-5	0.058057743
-4	0.057427822
-3	0.057217848
-2	0.057532808
-1	0.058442695
0	0.060087489
1	0.062467192
2	0.065651794
3	0.069536308
4	0.074155731
5	0.079335083
6	0.084969379
7	0.090918635
8	0.09704287
9	0.103132108
10	0.109256343
11	0.115450569
12	0.121924759
13	0.128748906
14	0.136027997
15	0.143867017
16	0.152265967
17	0.161259843
18	0.170988626
19	0.181662292
20	0.193525809
21	0.206824147
22	0.221592301
23	0.237655293
24	0.25480315
25	0.273000875
26	0.292458443
27	0.313735783
28	0.337182852
29	0.362659668
30	0.389571304
31	0.417077865
32	0.444234471
33	0.470306212
34	0.495083115
35	0.518670166
36	0.541662292
37	0.564549431
38	0.587506562
39	0.610113736
40	0.63160105
41	0.651303587
42	0.669081365
43	0.685074366
44	0.699177603
45	0.710586177
46	0.718250219
47	0.721294838
48	0.719475066
49	0.713210849
50	0.703272091
51	0.690848644
52	0.677375328
53	0.66432196
54	0.652808399
55	0.642974628
56	0.633805774
57	0.623447069
58	0.609868766
59	0.591951006
60	0.570253718
61	0.546771654
62	0.523814523
63	0.503237095
64	0.485984252
65	0.472055993
66	0.460997375
67	0.452073491
68	0.444584427
69	0.437900262
70	0.431776028
71	0.426106737
72	0.42096238
73	0.416342957
74	0.412283465
75	0.408748906
76	0.405879265
77	0.403674541
78	0.402064742
79	0.401014873
80	0.40055993
81	0.400734908
82	0.401539808
83	0.402939633
84	0.404794401
85	0.407104112
86	0.410008749
87	0.413823272
88	0.419002625
89	0.425826772
90	0.434540682
91	0.445214348
92	0.457882765
93	0.472195976
94	0.487349081
95	0.501872266
96	0.514015748
97	0.522554681
98	0.527104112
99	0.52808399
100	0.526614173
101	0.52391951
102	0.520874891
103	0.517655293
104	0.513980752
105	0.509326334
106	0.503412073
107	0.496272966
108	0.488013998
109	0.479020122
110	0.469571304
111	0.45984252
112	0.449938758
113	0.439930009
114	0.429991251
115	0.420297463
116	0.410953631
117	0.401749781
118	0.392475941
119	0.382887139
120	0.372948381
121	0.362869641
122	0.353070866
123	0.343972003
124	0.33592301
125	0.328888889
126	0.322659668
127	0.317025372
128	0.311951006
129	0.307611549
130	0.304111986
131	0.301382327
132	0.299177603
133	0.297182852
134	0.29511811
135	0.292948381
136	0.290848644
137	0.288888889
138	0.287174103
139	0.285354331
140	0.282904637
141	0.279545057
142	0.275450569
143	0.271531059
144	0.268836395
145	0.268136483
146	0.269746282
147	0.273385827
148	0.278705162
149	0.285354331
150	0.293263342
151	0.302327209
152	0.312300962
153	0.323044619
154	0.334488189
155	0.346771654
156	0.359860017
157	0.37368329
158	0.388066492
159	0.402554681
160	0.416447944
161	0.42936133
162	0.441469816
163	0.453578303
164	0.465896763
165	0.478075241
166	0.48951881
167	0.50015748
168	0.510026247
169	0.518810149
170	0.525529309
171	0.528783902
172	0.527734033
173	0.522659668
174	0.514855643
175	0.505931759
176	0.497147857
177	0.489238845
178	0.482519685
179	0.476990376
180	0.472615923
181	0.46967629
182	0.468731409
183	0.470656168
184	0.476045494
185	0.484619423
186	0.495223097
187	0.506071741
188	0.515485564
189	0.522204724
190	0.525354331
191	0.524374453
192	0.519580052
193	0.512300962
194	0.504916885
195	0.500122485
196	0.499807524
197	0.504146982
198	0.51160105
199	0.52
200	0.527489064
201	0.53287839
202	0.534698163
203	0.531583552
204	0.522694663
205	0.508661417
206	0.491338583
207	0.473210849
208	0.456412948
209	0.442064742
210	0.43048119
211	0.421417323
212	0.414698163
213	0.410393701
214	0.409063867
215	0.411303587
216	0.417287839
217	0.426596675
218	0.438145232
219	0.450358705
220	0.461627297
221	0.470726159
222	0.477165354
223	0.480944882
224	0.482449694
225	0.482344707
226	0.481749781
227	0.482099738
228	0.484619423
229	0.489133858
230	0.494033246
231	0.496727909
232	0.495258093
233	0.489168854
234	0.479615048
235	0.468486439
236	0.457532808
237	0.447769029
238	0.439230096
239	0.431216098
240	0.422852143
241	0.41343832
242	0.403324584
243	0.393805774
244	0.386491689
245	0.382502187
246	0.382222222
247	0.385371829
248	0.391391076
249	0.399615048
250	0.409448819
251	0.42015748
252	0.430936133
253	0.440979878
254	0.449588801
255	0.456202975
256	0.460647419
257	0.463097113
258	0.463902012
259	0.463622047
260	0.462922135
261	0.462152231
262	0.461382327
263	0.460122485
264	0.457987752
265	0.454908136
266	0.451268591
267	0.447454068
268	0.443639545
269	0.439860017
270	0.43608049
271	0.432300962
272	0.428311461
273	0.42376203
274	0.417847769
275	0.409798775
276	0.399090114
277	0.38600175
278	0.371478565
279	0.356570429
280	0.342047244
281	0.328573928
282	0.316920385
283	0.307786527
284	0.301767279
285	0.299142607
286	0.299737533
287	0.303272091
288	0.309746282
289	0.319335083
290	0.331898513
291	0.346526684
292	0.361854768
293	0.376657918
294	0.390271216
295	0.402624672
296	0.414138233
297	0.424951881
298	0.434715661
299	0.442414698
300	0.446929134
301	0.447594051
302	0.444409449
303	0.437935258
304	0.429221347
305	0.419562555
306	0.409868766
307	0.400699913
308	0.392195976
309	0.384776903
310	0.379107612
311	0.375783027
312	0.374593176
313	0.374383202
314	0.373543307
315	0.370918635
316	0.36615923
317	0.359475066
318	0.351496063
319	0.343237095
320	0.335643045
321	0.32895888
322	0.322169729
323	0.313700787
324	0.302362205
325	0.287769029
326	0.270131234
327	0.250463692
328	0.230411199
329	0.211723535
330	0.195695538
331	0.182712161
332	0.172423447
333	0.164164479
334	0.157130359
335	0.150866142
336	0.144916885
337	0.139072616
338	0.133158355
339	0.127139108
340	0.121049869
341	0.115065617
342	0.109326334
343	0.103937008
344	0.099107612
345	0.094908136
346	0.091478565
347	0.088853893
348	0.087244094
349	0.086754156
350	0.087524059
351	0.089693788
352	0.093508311
353	0.099177603
354	0.107016623
355	0.117445319
356	0.130778653
357	0.147016623
358	0.165669291
359	0.185336833
360	0.203954506
361	0.219072616
362	0.227891514
363	0.228171479
364	0.22015748
365	0.206894138
366	0.192090989
367	0.178092738
368	0.165284339
369	0.153210849
370	0.141557305
371	0.130498688
372	0.12055993
373	0.112265967
374	0.105861767
375	0.101312336
376	0.09847769
377	0.097147857
378	0.097252843
379	0.098687664
380	0.101382327
381	0.105476815
382	0.111006124
383	0.118180227
384	0.127174103
385	0.138232721
386	0.15160105
387	0.167454068
388	0.186106737
389	0.208013998
390	0.23384077
391	0.264531934
392	0.301312336
393	0.345651794
394	0.399125109
395	0.4623972
396	0.533648294
397	0.606684164
398	0.669711286
399	0.709011374
400	0.715415573
401	0.689483815
402	0.640874891
403	0.582782152
404	0.526229221
405	0.477305337
406	0.437655293
407	0.406474191
408	0.382152231
409	0.363149606
410	0.348591426
411	0.33791776
412	0.330603675
413	0.326054243
414	0.323744532
415	0.323569554
416	0.325704287
417	0.330148731
418	0.336447944
419	0.343552056
420	0.350376203
421	0.356255468
422	0.361014873
423	0.364619423
424	0.367244094
425	0.369588801
426	0.372808399
427	0.377882765
428	0.385021872
429	0.393490814
430	0.401714786
431	0.408153981
432	0.412073491
433	0.413648294
434	0.413508311
435	0.412423447
436	0.411618548
437	0.412808399
438	0.417497813
439	0.426421697
440	0.439930009
441	0.45816273
442	0.481399825
443	0.509326334
444	0.540752406
445	0.572948381
446	0.602064742
447	0.623587052
448	0.634120735
449	0.632685914
450	0.62040245
451	0.599755031
452	0.573543307
453	0.544916885
454	0.517130359
455	0.492913386
456	0.474085739
457	0.461662292
458	0.455958005
459	0.45623797
460	0.459562555
461	0.460227472
462	0.452178478
463	0.432895888
464	0.405214348
465	0.374453193
466	0.344531934
467	0.317095363
468	0.292143482
469	0.269046369
470	0.247174103
471	0.226281715
472	0.206649169
473	0.189011374
474	0.174103237
475	0.162414698
476	0.154050744
477	0.148906387
478	0.146736658
479	0.147331584
480	0.150411199
481	0.155695538
482	0.163009624
483	0.172143482
484	0.182782152
485	0.194610674
486	0.206894138
487	0.219002625
488	0.230446194
489	0.240874891
490	0.250218723
491	0.258302712
492	0.265021872
493	0.27048119
494	0.274995626
495	0.279055118
496	0.283219598
497	0.287524059
498	0.29175853
499	0.295468066
500	0.298512686
501	0.301172353
502	0.303902012
503	0.307086614
504	0.310516185
505	0.313665792
506	0.315660542
507	0.315870516
508	0.313770779
509	0.3088014
510	0.30096238
511	0.290743657
512	0.279055118
513	0.266946632
514	0.254943132
515	0.243254593
516	0.231986002
517	0.221417323
518	0.212178478
519	0.205074366
520	0.200874891
521	0.200209974
522	0.203394576
523	0.210253718
524	0.21984252
525	0.230586177
526	0.240839895
527	0.249273841
528	0.255433071
529	0.259317585
530	0.261452318
531	0.262327209
532	0.262257218
533	0.261137358
534	0.258547682
535	0.254278215
536	0.24864392
537	0.242554681
538	0.237130359
539	0.233350831
540	0.231741032
541	0.232230971
542	0.233910761
543	0.235660542
544	0.236430446
545	0.235730534
546	0.233630796
547	0.230446194
548	0.226841645
549	0.223692038
550	0.222152231
551	0.223307087
552	0.228136483
553	0.237165354
554	0.250148731
555	0.265791776
556	0.281574803
557	0.294838145
558	0.304356955
559	0.310761155
560	0.315975503
561	0.321819773
562	0.329238845
563	0.338197725
564	0.348136483
565	0.358390201
566	0.368503937
567	0.377707787
568	0.384251969
569	0.38575678
570	0.380682415
571	0.369448819
572	0.3544007
573	0.338512686
574	0.324129484
575	0.312475941
576	0.303867017
577	0.29791776
578	0.293963255
579	0.291303587
580	0.289413823
581	0.28783902
582	0.286334208
583	0.284619423
584	0.282624672
585	0.280804899
586	0.280279965
587	0.282834646
588	0.289693788
589	0.300262467
590	0.311496063
591	0.318670166
592	0.317865267
593	0.308416448
594	0.293088364
595	0.276115486
596	0.260787402
597	0.24864392
598	0.239860017
599	0.233980752
600	0.230376203
601	0.228591426
602	0.228206474
603	0.228836395
604	0.229781277
605	0.230411199
606	0.230166229
607	0.229046369
608	0.22768154
609	0.227331584
610	0.22967629
611	0.236395451
612	0.24895888
613	0.268346457
614	0.294908136
615	0.328188976
616	0.366964129
617	0.409973753
618	0.456272966
619	0.504181977
620	0.548381452
621	0.578897638
622	0.585686789
623	0.565634296
624	0.525424322
625	0.476010499
626	0.426071741
627	0.379772528
628	0.33847769
629	0.302607174
630	0.272790901
631	0.249483815
632	0.232615923
633	0.221137358
634	0.213333333
635	0.207174103
636	0.201504812
637	0.196500437
638	0.192895888
639	0.190866142
640	0.189571304
641	0.188031496
642	0.186386702
643	0.185791776
644	0.187401575
645	0.191251094
646	0.196150481
647	0.200209974
648	0.201854768
649	0.20055993
650	0.197025372
651	0.192895888
652	0.190201225
653	0.190411199
654	0.193875766
655	0.199790026
656	0.206894138
657	0.214173228
658	0.222152231
659	0.232475941
660	0.24727909
661	0.268031496
662	0.295433071
663	0.329378828
664	0.368993876
665	0.413158355
666	0.460017498
667	0.506631671
668	0.549571304
669	0.586736658
670	0.618267717
671	0.645249344
672	0.668591426
673	0.688748906
674	0.705861767
675	0.719650044
676	0.729413823
677	0.733543307
678	0.729623797
679	0.714820647
680	0.687034121
681	0.646824147
682	0.598005249
683	0.546246719
684	0.497322835
685	0.455853018
686	0.424811899
687	0.405459318
688	0.397095363
689	0.397410324
690	0.402309711
691	0.406194226
692	0.403464567
693	0.391181102
694	0.3711986
695	0.348206474
696	0.326404199
697	0.30768154
698	0.292283465
699	0.28
700	0.270306212
701	0.26264217
702	0.256412948
703	0.251233596
704	0.246754156
705	0.243114611
706	0.240839895
707	0.241049869
708	0.244864392
709	0.252913386
710	0.265231846
711	0.28167979
712	0.302572178
713	0.328678915
714	0.360629921
715	0.397655293
716	0.436920385
717	0.474540682
718	0.50743657
719	0.534068241
720	0.553560805
721	0.565109361
722	0.568678915
723	0.565179353
724	0.554995626
725	0.537392826
726	0.511951006
727	0.480664917
728	0.447874016
729	0.418407699
730	0.395310586
731	0.378582677
732	0.365844269
733	0.354085739
734	0.340647419
735	0.324374453
736	0.305791776
737	0.286824147
738	0.269466317
739	0.254033246
740	0.238950131
741	0.222187227
742	0.202869641
743	0.182012248
744	0.161574803
745	0.143167104
746	0.127454068
747	0.114470691
748	0.103902012
749	0.095293088
750	0.088293963
751	0.082554681
752	0.077865267
753	0.074015748
754	0.070831146
755	0.06824147
756	0.066141732
757	0.064461942
758	0.063167104
759	0.062187227
760	0.061557305
761	0.061172353
762	0.061102362
763	0.061312336
764	0.061802275
765	0.062572178
766	0.063657043
767	0.065056868
768	0.066806649
769	0.068976378
770	0.07160105
771	0.074785652
772	0.078600175
773	0.083184602
774	0.088678915
775	0.095328084
776	0.103342082
777	0.112965879
778	0.124339458
779	0.137322835
780	0.151216098
781	0.164934383
782	0.177532808
783	0.189396325
784	0.202344707
785	0.218862642
786	0.241084864
787	0.270971129
788	0.310341207
789	0.360734908
790	0.422992126
791	0.495503062
792	0.572388451
793	0.642554681
794	0.692528434
795	0.712895888
796	0.703972003
797	0.675695538
798	0.641539808
799	0.61144357
800	0.589046369
801	0.573718285
802	0.563849519
803	0.558635171
804	0.55720035
805	0.556360455
806	0.550376203
807	0.533858268
808	0.505511811
809	0.468486439
810	0.427296588
811	0.385896763
812	0.347191601
813	0.313525809
814	0.286404199
815	0.266631671
816	0.254173228
817	0.248363955
818	0.248188976
819	0.2520035
820	0.25791776
821	0.264496938
822	0.271321085
823	0.278530184
824	0.286614173
825	0.296412948
826	0.308521435
827	0.322659668
828	0.338057743
829	0.355065617
830	0.375433071
831	0.401504812
832	0.434085739
833	0.470936133
834	0.50687664
835	0.53536308
836	0.551461067
837	0.554470691
838	0.548416448
839	0.538687664
840	0.527664042
841	0.513245844
842	0.492493438
843	0.465581802
844	0.436500437
845	0.409728784
846	0.388101487
847	0.373088364
848	0.366334208
849	0.369728784
850	0.38488189
851	0.412423447
852	0.451093613
853	0.496377953
854	0.539807524
855	0.571163605
856	0.583482065
857	0.576552931
858	0.554995626
859	0.524059493
860	0.488048994
861	0.450988626
862	0.416937883
863	0.389711286
864	0.372458443
865	0.367244094
866	0.375153106
867	0.396535433
868	0.430516185
869	0.473700787
870	0.519020122
871	0.555940507
872	0.57399825
873	0.56727909
874	0.536447944
875	0.487034121
876	0.427366579
877	0.366194226
878	0.310061242
879	0.262117235
880	0.222747157
881	0.190971129
882	0.165459318
883	0.14488189
884	0.128153981
885	0.114470691
886	0.103097113
887	0.093613298
888	0.0855993
889	0.078775153
890	0.072930884
891	0.067856518
892	0.063447069
893	0.05959755
894	0.056202975
895	0.053193351
896	0.050533683
897	0.048153981
898	0.046019248
899	0.044129484
900	0.042379703
901	0.040839895
902	0.03944007
903	0.038180227
904	0.037025372
905	0.035975503
906	0.035030621
907	0.034190726
908	0.033420822
909	0.03272091
910	0.032090989
911	0.031531059
912	0.03104112
913	0.030586177
914	0.030201225
915	0.029851269
916	0.029571304
917	0.029326334
918	0.029151356
919	0.028976378
920	0.028871391
921	0.0288014
922	0.0288014
923	0.0288014
924	0.028871391
925	0.029011374
926	0.029151356
927	0.02936133
928	0.029606299
929	0.02992126
930	0.030271216
931	0.030656168
932	0.031146107
933	0.031671041
934	0.032265967
935	0.032930884
936	0.033665792
937	0.034505687
938	0.035415573
939	0.036430446
940	0.037550306
941	0.038810149
942	0.040209974
943	0.041714786
944	0.043429571
945	0.045319335
946	0.047419073
947	0.049798775
948	0.052423447
949	0.05536308
950	0.058687664
951	0.062432196
952	0.066701662
953	0.071566054
954	0.077130359
955	0.083569554
956	0.090988626
957	0.099702537
958	0.10992126
959	0.122029746
960	0.136517935
961	0.154015748
962	0.175293088
963	0.201469816
964	0.233910761
965	0.274295713
966	0.324514436
967	0.386386702
968	0.460542432
969	0.545091864
970	0.634260717
971	0.718775153
972	0.788941382
973	0.838425197
974	0.864566929
975	0.865931759
976	0.842134733
977	0.796395451
978	0.735713036
979	0.667051619
980	0.594435696
981	0.520769904
982	0.450008749
983	0.386491689
984	0.332843395
985	0.289483815
986	0.255503062
987	0.229431321
988	0.210008749
989	0.196115486
990	0.187016623
991	0.182257218
992	0.181627297
993	0.185266842
994	0.193455818
995	0.206894138
996	0.226631671
997	0.253928259
998	0.290428696
999	0.337427822
1000	0.39496063
1001	0.459387577
1002	0.520874891
1003	0.563149606
1004	0.570393701
1005	0.538827647
1006	0.479685039
1007	0.410358705
1008	0.344006999
1009	0.286789151
1010	0.239965004
1011	0.202554681
1012	0.172808399
1013	0.149151356
1014	0.130148731
1015	0.114820647
1016	0.102257218
1017	0.091933508
1018	0.083324584
1019	0.076115486
1020	0.069991251
1021	0.064776903
1022	0.060297463
1023	0.056447944
1024	0.053088364
1025	0.050148731
1026	0.047594051
1027	0.045354331
1028	0.043394576
1029	0.04167979
1030	0.040139983
1031	0.038810149
1032	0.037620297
1033	0.036605424
1034	0.035695538
1035	0.034925634
1036	0.034260717
1037	0.033700787
1038	0.03328084
1039	0.032930884
1040	0.032650919
1041	0.032475941
1042	0.032405949
1043	0.032405949
1044	0.032510936
1045	0.03272091
1046	0.033035871
1047	0.033420822
1048	0.033945757
1049	0.034575678
1050	0.035310586
1051	0.036220472
1052	0.037305337
1053	0.038530184
1054	0.039965004
1055	0.041644794
1056	0.043569554
1057	0.045844269
1058	0.048433946
1059	0.051478565
1060	0.055048119
1061	0.059212598
1062	0.064146982
1063	0.069991251
1064	0.076990376
1065	0.085424322
1066	0.095713036
1067	0.108311461
1068	0.123884514
1069	0.143377078
1070	0.16783902
1071	0.198635171
1072	0.237235346
1073	0.284619423
1074	0.340262467
1075	0.400209974
1076	0.45592301
1077	0.49592301
1078	0.511426072
1079	0.500507437
1080	0.467261592
1081	0.418582677
1082	0.362694663
1083	0.30743657
1084	0.258092738
1085	0.216832896
1086	0.183482065
1087	0.156990376
1088	0.136027997
1089	0.119370079
1090	0.106106737
1091	0.095468066
1092	0.086894138
1093	0.079965004
1094	0.074365704
1095	0.069816273
1096	0.066176728
1097	0.063272091
1098	0.060997375
1099	0.059247594
1100	0.058022747
1101	0.057252843
1102	0.056867892
1103	0.056937883
1104	0.05735783
1105	0.058197725
1106	0.059492563
1107	0.061207349
1108	0.063377078
1109	0.066141732
1110	0.069536308
1111	0.073630796
1112	0.078600175
1113	0.084584427
1114	0.091863517
1115	0.100682415
1116	0.111461067
1117	0.124689414
1118	0.141102362
1119	0.161574803
1120	0.187226597
1121	0.219527559
1122	0.259912511
1123	0.309431321
1124	0.367664042
1125	0.430761155
1126	0.490358705
1127	0.534698163
1128	0.553385827
1129	0.542572178
1130	0.506211724
1131	0.454313211
1132	0.398460192
1133	0.34743657
1134	0.305721785
1135	0.274470691
1136	0.253158355
1137	0.240874891
1138	0.236920385
1139	0.240944882
1140	0.252983377
1141	0.273140857
1142	0.300927384
1143	0.334523185
1144	0.369868766
1145	0.401819773
1146	0.426981627
1147	0.445739283
1148	0.459737533
1149	0.468521435
1150	0.4688014
1151	0.457392826
1152	0.433805774
1153	0.400769904
1154	0.362659668
1155	0.323814523
1156	0.287909011
1157	0.257462817
1158	0.23384077
1159	0.217322835
1160	0.207664042
1161	0.204584427
1162	0.207979003
1163	0.217882765
1164	0.2344007
1165	0.257147857
1166	0.284374453
1167	0.312440945
1168	0.336692913
1169	0.354085739
1170	0.365564304
1171	0.375293088
1172	0.386526684
1173	0.398460192
1174	0.406684164
1175	0.406439195
1176	0.395800525
1177	0.375433071
1178	0.347051619
1179	0.312615923
1180	0.274820647
1181	0.237060367
1182	0.202309711
1183	0.17231846
1184	0.147401575
1185	0.127139108
1186	0.110761155
1187	0.097462817
1188	0.086614173
1189	0.077690289
1190	0.070271216
1191	0.06407699
1192	0.058827647
1193	0.054348206
1194	0.050498688
1195	0.047174103
1196	0.044269466
1197	0.041714786
1198	0.039510061
1199	0.037550306
1200	0.035800525
1201	0.034260717
1202	0.032895888
1203	0.031671041
1204	0.030586177
1205	0.029641295
1206	0.028766404
1207	0.0279965
1208	0.027331584
1209	0.026736658
1210	0.026211724
1211	0.025791776
1212	0.025406824
1213	0.025091864
1214	0.024846894
1215	0.02463692
1216	0.024531934
1217	0.024461942
1218	0.024426947
1219	0.024461942
1220	0.024566929
1221	0.024741907
1222	0.024986877
1223	0.025301837
1224	0.025686789
1225	0.026141732
1226	0.026701662
1227	0.027331584
1228	0.028101487
1229	0.028941382
1230	0.029956255
1231	0.031111111
1232	0.032440945
1233	0.033945757
1234	0.035695538
1235	0.037725284
1236	0.040034996
1237	0.042729659
1238	0.045844269
1239	0.04951881
1240	0.053788276
1241	0.058862642
1242	0.06488189
1243	0.072090989
1244	0.080839895
1245	0.091478565
1246	0.104601925
1247	0.120874891
1248	0.141242345
1249	0.166894138
1250	0.199160105
1251	0.23944007
1252	0.288363955
1253	0.344566929
1254	0.403044619
1255	0.454278215
1256	0.487454068
1257	0.495993001
1258	0.480524934
1259	0.445809274
1260	0.397830271
1261	0.343412073
1262	0.289658793
1263	0.241574803
1264	0.201224847
1265	0.168468941
1266	0.142292213
1267	0.121399825
1268	0.104706912
1269	0.091233596
1270	0.080279965
1271	0.071321085
1272	0.063867017
1273	0.057637795
1274	0.052388451
1275	0.047909011
1276	0.044094488
1277	0.040804899
1278	0.037970254
1279	0.035485564
1280	0.033315836
1281	0.031391076
1282	0.029711286
1283	0.028206474
1284	0.02687664
1285	0.025686789
1286	0.024601925
1287	0.023657043
1288	0.022782152
1289	0.022012248
1290	0.021312336
1291	0.020682415
1292	0.020122485
1293	0.019632546
1294	0.019142607
1295	0.01872266
1296	0.018372703
1297	0.018022747
1298	0.017742782
1299	0.017462817
1300	0.017217848
1301	0.017007874
1302	0.016832896
1303	0.016657918
1304	0.016517935
1305	0.016412948
1306	0.016307962
1307	0.01623797
1308	0.016202975
1309	0.016167979
1310	0.016132983
1311	0.016132983
1312	0.016167979
1313	0.016202975
1314	0.01623797
1315	0.016307962
1316	0.016412948
1317	0.016517935
1318	0.016622922
1319	0.016762905
1320	0.016937883
1321	0.017112861
1322	0.017322835
1323	0.017532808
1324	0.017777778
1325	0.018022747
1326	0.018302712
1327	0.018617673
1328	0.018932633
1329	0.01928259
1330	0.019667542
1331	0.020087489
1332	0.020542432
1333	0.020997375
1334	0.02152231
1335	0.02208224
1336	0.02264217
1337	0.023307087
1338	0.023972003
1339	0.024706912
1340	0.025511811
1341	0.026351706
1342	0.027261592
1343	0.028276465
1344	0.029326334
1345	0.030516185
1346	0.031776028
1347	0.033140857
1348	0.034645669
1349	0.036290464
1350	0.038110236
1351	0.040069991
1352	0.042274716
1353	0.044689414
1354	0.047384077
1355	0.050358705
1356	0.053718285
1357	0.057462817
1358	0.061697288
1359	0.066526684
1360	0.072055993
1361	0.078390201
1362	0.085739283
1363	0.094348206
1364	0.104426947
1365	0.116430446
1366	0.130778653
1367	0.148171479
1368	0.169413823
1369	0.195555556
1370	0.227891514
1371	0.267821522
1372	0.316570429
1373	0.374313211
1374	0.439300087
1375	0.507401575
1376	0.573053368
1377	0.630971129
1378	0.676465442
1379	0.704951881
1380	0.713350831
1381	0.701767279
1382	0.673910761
1383	0.635835521
1384	0.594295713
1385	0.554610674
1386	0.520104987
1387	0.492423447
1388	0.472370954
1389	0.460647419
1390	0.458337708
1391	0.466771654
1392	0.487069116
1393	0.519195101
1394	0.560734908
1395	0.605809274
1396	0.644829396
1397	0.666981627
1398	0.664846894
1399	0.638005249
1400	0.591986002
1401	0.53511811
1402	0.475695538
1403	0.420192476
1404	0.372108486
1405	0.332143482
1406	0.299422572
1407	0.272475941
1408	0.249938758
1409	0.230656168
1410	0.213928259
1411	0.199160105
1412	0.185931759
1413	0.173893263
1414	0.162764654
1415	0.152370954
1416	0.14264217
1417	0.133578303
1418	0.125179353
1419	0.117585302
1420	0.111006124
1421	0.105616798
1422	0.101627297
1423	0.099107612
1424	0.098127734
1425	0.098757655
1426	0.100997375
1427	0.105021872
1428	0.111146107
1429	0.119650044
1430	0.131128609
1431	0.146071741
1432	0.165004374
1433	0.188031496
1434	0.214453193
1435	0.242169729
1436	0.268066492
1437	0.288678915
1438	0.301872266
1439	0.30768154
1440	0.308031496
1441	0.305126859
1442	0.30040245
1443	0.294698163
1444	0.28839895
1445	0.281539808
1446	0.273945757
1447	0.265476815
1448	0.256167979
1449	0.246054243
1450	0.235275591
1451	0.224146982
1452	0.213053368
1453	0.202589676
1454	0.193385827
1455	0.185686789
1456	0.179107612
1457	0.17287839
1458	0.166649169
1459	0.160279965
1460	0.153490814
1461	0.145686789
1462	0.136692913
1463	0.127174103
1464	0.11832021
1465	0.11104112
1466	0.105721785
1467	0.102537183
1468	0.101312336
1469	0.10208224
1470	0.104741907
1471	0.109466317
1472	0.116395451
1473	0.125949256
1474	0.138617673
1475	0.155205599
1476	0.176587927
1477	0.203954506
1478	0.238460192
1479	0.280699913
1480	0.32976378
1481	0.381942257
1482	0.430586177
1483	0.468136483
1484	0.48920385
1485	0.491478565
1486	0.475310586
1487	0.443604549
1488	0.401189851
1489	0.353700787
1490	0.306176728
1491	0.262467192
1492	0.224811899
1493	0.193875766
1494	0.169238845
1495	0.149991251
1496	0.135153106
1497	0.123954506
1498	0.115730534
1499	0.109991251
1500	0.106491689
1501	0.105056868
1502	0.105616798
1503	0.108171479
1504	0.11272091
1505	0.119125109
1506	0.127139108
1507	0.136167979
1508	0.145616798
1509	0.154890639
1510	0.163569554
1511	0.17144357
1512	0.178897638
1513	0.186701662
1514	0.196185477
1515	0.208783902
1516	0.225511811
1517	0.246859143
1518	0.271776028
1519	0.297742782
1520	0.321154856
1521	0.338827647
1522	0.349326334
1523	0.353000875
1524	0.351566054
1525	0.347156605
1526	0.341767279
1527	0.336657918
1528	0.332178478
1529	0.327909011
1530	0.323114611
1531	0.316815398
1532	0.308276465
1533	0.297217848
1534	0.284129484
1535	0.269956255
1536	0.255748031
1537	0.242204724
1538	0.229571304
1539	0.217532808
1540	0.205529309
1541	0.192930884
1542	0.179457568
1543	0.165109361
1544	0.150376203
1545	0.135888014
1546	0.122414698
1547	0.110691164
1548	0.101032371
1549	0.093473316
1550	0.087874016
1551	0.083989501
1552	0.08167979
1553	0.080839895
1554	0.081399825
1555	0.083429571
1556	0.087034121
1557	0.092213473
1558	0.099002625
1559	0.107366579
1560	0.117060367
1561	0.127804024
1562	0.139247594
1563	0.150901137
1564	0.162169729
1565	0.172213473
1566	0.180122485
1567	0.18519685
1568	0.187156605
1569	0.186456693
1570	0.184146982
1571	0.181557305
1572	0.179737533
1573	0.179247594
1574	0.180052493
1575	0.181907262
1576	0.184496938
1577	0.187786527
1578	0.19191601
1579	0.196920385
1580	0.202834646
1581	0.209553806
1582	0.217112861
1583	0.225826772
1584	0.236255468
1585	0.249063867
1586	0.26463692
1587	0.282554681
1588	0.300927384
1589	0.316220472
1590	0.323989501
1591	0.321224847
1592	0.308591426
1593	0.29032371
1594	0.271776028
1595	0.2567979
1596	0.246859143
1597	0.241574803
1598	0.239580052
1599	0.239545057
1600	0.240629921
1601	0.242554681
1602	0.245704287
1603	0.250743657
1604	0.258652668
1605	0.270341207
1606	0.286649169
1607	0.308206474
1608	0.335713036
1609	0.369868766
1610	0.411408574
1611	0.460682415
1612	0.516255468
1613	0.573193351
1614	0.621977253
1615	0.650533683
1616	0.650008749
1617	0.620017498
1618	0.568433946
1619	0.506491689
1620	0.444549431
1621	0.389536308
1622	0.343937008
1623	0.306771654
1624	0.275275591
1625	0.246649169
1626	0.21903762
1627	0.192265967
1628	0.167244094
1629	0.144916885
1630	0.125844269
1631	0.10992126
1632	0.096727909
1633	0.085774278
1634	0.076675416
1635	0.069046369
1636	0.062572178
1637	0.05704287
1638	0.052283465
1639	0.048153981
1640	0.044549431
1641	0.041364829
1642	0.038565179
1643	0.036045494
1644	0.033805774
1645	0.031776028
1646	0.029956255
1647	0.028311461
1648	0.026806649
1649	0.02544182
1650	0.024181977
1651	0.023027122
1652	0.021942257
1653	0.02096238
1654	0.020052493
1655	0.019212598
1656	0.018442695
1657	0.017707787
1658	0.017007874
1659	0.016377953
1660	0.015783027
1661	0.015223097
1662	0.014698163
1663	0.014173228
1664	0.013718285
1665	0.013263342
1666	0.012843395
1667	0.012458443
1668	0.012073491
1669	0.011723535
1670	0.011373578
1671	0.011058618
1672	0.010743657
1673	0.010428696
1674	0.010148731
1675	0.009903762
1676	0.009658793
1677	0.009413823
1678	0.009168854
1679	0.008923885
1680	0.008713911
1681	0.008503937
1682	0.008328959
1683	0.008118985
1684	0.007944007
1685	0.007769029
1686	0.007594051
1687	0.007454068
1688	0.00727909
1689	0.007139108
1690	0.006999125
1691	0.006824147
1692	0.00671916
1693	0.006579178
1694	0.006439195
1695	0.006334208
1696	0.006194226
1697	0.006089239
1698	0.005984252
1699	0.005879265
1700	0.005774278
1701	0.005669291
1702	0.005564304
1703	0.005459318
1704	0.005354331
1705	0.005284339
1706	0.005179353
1707	0.005109361
1708	0.00503937
1709	0.004934383
1710	0.004864392
1711	0.004794401
1712	0.004724409
1713	0.004654418
1714	0.004584427
1715	0.004514436
1716	0.004444444
1717	0.004374453
1718	0.004304462
1719	0.004234471
1720	0.004164479
1721	0.004129484
1722	0.004059493
1723	0.003989501
1724	0.003954506
1725	0.003884514
1726	0.003849519
1727	0.003779528
1728	0.003744532
1729	0.003674541
1730	0.003639545
1731	0.003604549
1732	0.003534558
1733	0.003499563
1734	0.003464567
1735	0.003429571
1736	0.00335958
1737	0.003324584
1738	0.003289589
1739	0.003254593
1740	0.003219598
1741	0.003184602
1742	0.003114611
1743	0.003079615
1744	0.003044619
1745	0.003009624
1746	0.002974628
1747	0.002939633
1748	0.002904637
1749	0.002869641
1750	0.002869641
1751	0.002834646
1752	0.00279965
1753	0.002764654
1754	0.002729659
1755	0.002694663
1756	0.002659668
1757	0.002659668
1758	0.002624672
1759	0.002589676
1760	0.002554681
1761	0.002519685
1762	0.002519685
1763	0.002484689
1764	0.002449694
1765	0.002414698
1766	0.002414698
1767	0.002379703
1768	0.002344707
1769	0.002344707
1770	0.002309711
1771	0.002274716
1772	0.002274716
1773	0.00223972
1774	0.002204724
1775	0.002204724
1776	0.002169729
1777	0.002169729
1778	0.002134733
1779	0.002099738
1780	0.002099738
1781	0.002064742
1782	0.002064742
1783	0.002029746
1784	0.002029746
1785	0.001994751
1786	0.001994751
1787	0.001959755
1788	0.001959755
1789	0.001924759
1790	0.001924759
1791	0.001889764
1792	0.001889764
1793	0.001854768
1794	0.001854768
1795	0.001819773
1796	0.001819773
1797	0.001784777
1798	0.001784777
1799	0.001784777
1800	0.001749781
1801	0.001749781
1802	0.001714786
1803	0.001714786
1804	0.00167979
1805	0.00167979
1806	0.00167979
1807	0.001644794
1808	0.001644794
1809	0.001609799
1810	0.001609799
1811	0.001609799
1812	0.001574803
1813	0.001574803
1814	0.001574803
1815	0.001539808
1816	0.001539808
1817	0.001539808
1818	0.001504812
1819	0.001504812
1820	0.001469816
1821	0.001469816
1822	0.001469816
1823	0.001434821
1824	0.001434821
1825	0.001434821
1826	0.001434821
1827	0.001399825
1828	0.001399825
1829	0.001399825
1830	0.001364829
1831	0.001364829
1832	0.001364829
1833	0.001329834
1834	0.001329834
1835	0.001329834
1836	0.001329834
1837	0.001294838
1838	0.001294838
1839	0.001294838
1840	0.001259843
1841	0.001259843
1842	0.001259843
1843	0.001259843
1844	0.001224847
1845	0.001224847
1846	0.001224847
1847	0.001224847
1848	0.001189851
1849	0.001189851
1850	0.001189851
1851	0.001189851
1852	0.001154856
1853	0.001154856
1854	0.001154856
1855	0.001154856
1856	0.00111986
1857	0.00111986
1858	0.00111986
1859	0.00111986
1860	0.00111986
1861	0.001084864
1862	0.001084864
1863	0.001084864
1864	0.001084864
1865	0.001049869
1866	0.001049869
1867	0.001049869
1868	0.001049869
1869	0.001049869
1870	0.001014873
1871	0.001014873
1872	0.001014873
1873	0.001014873
1874	0.001014873
1875	0.000979878
1876	0.000979878
1877	0.000979878
1878	0.000979878
1879	0.000979878
1880	0.000979878
1881	0.000944882
1882	0.000944882
1883	0.000944882
1884	0.000944882
1885	0.000944882
1886	0.000909886
1887	0.000909886
1888	0.000909886
1889	0.000909886
1890	0.000909886
1891	0.000909886
1892	0.000874891
1893	0.000874891
1894	0.000874891
1895	0.000874891
1896	0.000874891
1897	0.000874891
1898	0.000839895
1899	0.000839895
1900	0.000839895
1901	0.000839895
1902	0.000839895
1903	0.000839895
1904	0.000839895
1905	0.000804899
1906	0.000804899
1907	0.000804899
1908	0.000804899
1909	0.000804899
1910	0.000804899
1911	0.000769904
1912	0.000769904
1913	0.000769904
1914	0.000769904
1915	0.000769904
1916	0.000769904
1917	0.000769904
1918	0.000769904
1919	0.000734908
1920	0.000734908
1921	0.000734908
1922	0.000734908
1923	0.000734908
1924	0.000734908
1925	0.000734908
1926	0.000699913
1927	0.000699913
1928	0.000699913
1929	0.000699913
1930	0.000699913
1931	0.000699913
1932	0.000699913
1933	0.000699913
1934	0.000664917
1935	0.000664917
1936	0.000664917
1937	0.000664917
1938	0.000664917
1939	0.000664917
1940	0.000664917
1941	0.000664917
1942	0.000664917
1943	0.000629921
1944	0.000629921
1945	0.000629921
1946	0.000629921
1947	0.000629921
1948	0.000629921
1949	0.000629921
1950	0.000629921
1951	0.000629921
1952	0.000594926
1953	0.000594926
1954	0.000594926
1955	0.000594926
1956	0.000594926
1957	0.000594926
1958	0.000594926
1959	0.000594926
1960	0.000594926
1961	0.000594926
1962	0.00055993
1963	0.00055993
1964	0.00055993
1965	0.00055993
1966	0.00055993
1967	0.00055993
1968	0.00055993
1969	0.00055993
1970	0.00055993
1971	0.00055993
1972	0.000524934
1973	0.000524934
1974	0.000524934
1975	0.000524934
1976	0.000524934
1977	0.000524934
1978	0.000524934
1979	0.000524934
1980	0.000524934
1981	0.000524934
1982	0.000524934
1983	0.000489939
1984	0.000489939
1985	0.000489939
1986	0.000489939
1987	0.000489939
1988	0.000489939
1989	0.000489939
1990	0.000489939
1991	0.000489939
1992	0.000489939
1993	0.000489939
1994	0.000489939
1995	0.000454943
1996	0.000454943
1997	0.000454943
1998	0.000454943
1999	0.000454943
2000	0.000454943
2001	0.000454943
2002	0.000454943
2003	0.000454943
2004	0.000454943
2005	0.000454943
2006	0.000454943
2007	0.000454943
2008	0.000419948
2009	0.000419948
2010	0.000419948
2011	0.000419948
2012	0.000419948
2013	0.000419948
2014	0.000419948
2015	0.000419948
2016	0.000419948
2017	0.000419948
2018	0.000419948
2019	0.000419948
2020	0.000419948
2021	0.000419948
2022	0.000384952
2023	0.000384952
2024	0.000384952
2025	0.000384952
2026	0.000384952
2027	0.000384952
2028	0.000384952
2029	0.000384952
2030	0.000384952
2031	0.000384952
2032	0.000384952
2033	0.000384952
2034	0.000384952
2035	0.000384952
2036	0.000384952
2037	0.000349956
2038	0.000349956
2039	0.000349956
2040	0.000349956
2041	0.000349956
2042	0.000349956
2043	0.000349956
2044	0.000349956
2045	0.000349956
2046	0.000349956
2047	0.000349956
2048	0.000349956
2049	0.000349956
2050	0.000349956
2051	0.000349956
2052	0.000349956
2053	0.000349956
2054	0.000314961
2055	0.000314961
2056	0.000314961
2057	0.000314961
2058	0.000314961
2059	0.000314961
2060	0.000314961
2061	0.000314961
2062	0.000314961
2063	0.000314961
2064	0.000314961
2065	0.000314961
2066	0.000314961
2067	0.000314961
2068	0.000314961
2069	0.000314961
2070	0.000314961
2071	0.000314961
2072	0.000314961
2073	0.000279965
2074	0.000279965
2075	0.000279965
2076	0.000279965
2077	0.000279965
2078	0.000279965
2079	0.000279965
2080	0.000279965
2081	0.000279965
2082	0.000279965
2083	0.000279965
2084	0.000279965
2085	0.000279965
2086	0.000279965
2087	0.000279965
2088	0.000279965
2089	0.000279965
2090	0.000279965
2091	0.000279965
2092	0.000279965
2093	0.000244969
2094	0.000244969
2095	0.000244969
2096	0.000244969
2097	0.000244969
2098	0.000244969
2099	0.000244969
2100	0.000244969
2101	0.000244969
2102	0.000244969
2103	0.000244969
2104	0.000244969
2105	0.000244969
2106	0.000244969
2107	0.000244969
2108	0.000244969
2109	0.000244969
2110	0.000244969
2111	0.000244969
2112	0.000244969
2113	0.000244969
2114	0.000244969
2115	0.000209974
2116	0.000209974
2117	0.000209974
2118	0.000209974
2119	0.000209974
2120	0.000209974
2121	0.000209974
2122	0.000209974
2123	0.000209974
2124	0.000209974
2125	0.000209974
2126	0.000209974
2127	0.000209974
2128	0.000209974
2129	0.000209974
2130	0.000209974
2131	0.000209974
2132	0.000209974
2133	0.000209974
2134	0.000209974
2135	0.000209974
2136	0.000209974
2137	0.000209974
2138	0.000209974
2139	0.000209974
2140	0.000209974
2141	0.000174978
2142	0.000174978
2143	0.000174978
2144	0.000174978
2145	0.000174978
2146	0.000174978
2147	0.000174978
2148	0.000174978
2149	0.000174978
2150	0.000174978
2151	0.000174978
2152	0.000174978
2153	0.000174978
2154	0.000174978
2155	0.000174978
2156	0.000174978
2157	0.000174978
2158	0.000174978
2159	0.000174978
2160	0.000174978
2161	0.000174978
2162	0.000174978
2163	0.000174978
2164	0.000174978
2165	0.000174978
2166	0.000174978
2167	0.000174978
2168	0.000174978
2169	0.000174978
2170	0.000139983
2171	0.000139983
2172	0.000139983
2173	0.000139983
2174	0.000139983
2175	0.000139983
2176	0.000139983
2177	0.000139983
2178	0.000139983
2179	0.000139983
2180	0.000139983
2181	0.000139983
2182	0.000139983
2183	0.000139983
2184	0.000139983
2185	0.000139983
2186	0.000139983
2187	0.000139983
2188	0.000139983
2189	0.000139983
2190	0.000139983
2191	0.000139983
2192	0.000139983
2193	0.000139983
2194	0.000139983
2195	0.000139983
2196	0.000139983
2197	0.000139983
2198	0.000139983
2199	0.000139983
2200	0.000139983
2201	0.000139983
2202	0.000139983
2203	0.000139983
2204	0.000104987
2205	0.000104987
2206	0.000104987
2207	0.000104987
2208	0.000104987
2209	0.000104987
2210	0.000104987
2211	0.000104987
2212	0.000104987
2213	0.000104987
2214	0.000104987
2215	0.000104987
2216	0.000104987
2217	0.000104987
2218	0.000104987
2219	0.000104987
2220	0.000104987
2221	0.000104987
2222	0.000104987
2223	0.000104987
2224	0.000104987
2225	0.000104987
2226	0.000104987
2227	0.000104987
2228	0.000104987
2229	0.000104987
2230	0.000104987
2231	0.000104987
2232	0.000104987
2233	0.000104987
2234	0.000104987
2235	0.000104987
2236	0.000104987
2237	0.000104987
2238	0.000104987
2239	0.000104987
2240	0.000104987
2241	0.000104987
2242	0.000104987
2243	0.000104987
2244	0.000104987
2245	6.99913E-05
2246	6.99913E-05
2247	6.99913E-05
2248	6.99913E-05
2249	6.99913E-05
2250	6.99913E-05
2251	6.99913E-05
2252	6.99913E-05
2253	6.99913E-05
2254	6.99913E-05
2255	6.99913E-05
2256	6.99913E-05
2257	6.99913E-05
2258	6.99913E-05
2259	6.99913E-05
2260	6.99913E-05
2261	6.99913E-05
2262	6.99913E-05
2263	6.99913E-05
2264	6.99913E-05
2265	6.99913E-05
2266	6.99913E-05
2267	6.99913E-05
2268	6.99913E-05
2269	6.99913E-05
2270	6.99913E-05
2271	6.99913E-05
2272	6.99913E-05
2273	6.99913E-05
2274	6.99913E-05
2275	6.99913E-05
2276	6.99913E-05
2277	6.99913E-05
2278	6.99913E-05
2279	6.99913E-05
2280	6.99913E-05
2281	6.99913E-05
2282	6.99913E-05
2283	6.99913E-05
2284	6.99913E-05
2285	6.99913E-05
2286	6.99913E-05
2287	6.99913E-05
2288	6.99913E-05
2289	6.99913E-05
2290	6.99913E-05
2291	6.99913E-05
2292	6.99913E-05
2293	6.99913E-05
2294	6.99913E-05
2295	3.49956E-05
2296	3.49956E-05
2297	3.49956E-05
2298	3.49956E-05
2299	3.49956E-05
2300	3.49956E-05
2301	3.49956E-05
2302	3.49956E-05
2303	3.49956E-05
2304	3.49956E-05
2305	3.49956E-05
2306	3.49956E-05
2307	3.49956E-05
2308	3.49956E-05
2309	3.49956E-05
2310	3.49956E-05
2311	3.49956E-05
2312	3.49956E-05
2313	3.49956E-05
2314	3.49956E-05
2315	3.49956E-05
2316	3.49956E-05
2317	3.49956E-05
2318	3.49956E-05
2319	3.49956E-05
2320	3.49956E-05
2321	3.49956E-05
2322	3.49956E-05
2323	3.49956E-05
2324	3.49956E-05
2325	3.49956E-05
2326	3.49956E-05
2327	3.49956E-05
2328	3.49956E-05
2329	3.49956E-05
2330	3.49956E-05
2331	3.49956E-05
2332	3.49956E-05
2333	3.49956E-05
2334	3.49956E-05
2335	3.49956E-05
2336	3.49956E-05
2337	3.49956E-05
2338	3.49956E-05
2339	3.49956E-05
2340	3.49956E-05
2341	3.49956E-05
2342	3.49956E-05
2343	3.49956E-05
2344	3.49956E-05
2345	3.49956E-05
2346	3.49956E-05
2347	3.49956E-05
2348	3.49956E-05
2349	3.49956E-05
2350	3.49956E-05
2351	3.49956E-05
2352	3.49956E-05
2353	3.49956E-05
2354	3.49956E-05
2355	3.49956E-05
2356	3.49956E-05
2357	3.49956E-05
2358	3.49956E-05
2359	3.49956E-05
2360	3.49956E-05
2361	3.49956E-05
2362	3.49956E-05
2363	3.49956E-05
2364	3.49956E-05
2365	3.49956E-05
2366	3.49956E-05
2367	0
2368	0
2369	0
2370	0
2371	0
2372	0
2373	0
2374	0
2375	0
2376	0
2377	0
2378	0
2379	0
2380	0
2381	0
2382	0
2383	0
2384	0
2385	0
2386	0
2387	0
2388	0
2389	0
2390	0
2391	0
2392	0
2393	0
2394	0
2395	0
2396	0
2397	0
2398	0
2399	0
2400	0
2401	0
2402	0
2403	0
2404	0
2405	0
2406	0
2407	0
2408	0
2409	0
2410	0
2411	0
2412	0
2413	0
2414	0
2415	0
2416	0
2417	0
2418	0
2419	0
2420	0
2421	0
2422	0
2423	0
2424	0
2425	0
2426	0
2427	0
2428	0
2429	0
2430	0
2431	0
2432	0
2433	0
2434	0
2435	0
2436	0
2437	0
2438	0
2439	0
2440	0
2441	0
2442	0
2443	0
2444	0
2445	0
2446	0
2447	0
2448	0
2449	0
2450	0
2451	0
2452	0
2453	0
2454	0
2455	0
2456	0
2457	0
2458	0
2459	0
2460	0
2461	0
2462	0
2463	0
2464	0
2465	0
2466	0
2467	0
2468	0
2469	0
2470	0
2471	0
2472	0
2473	0
2474	0
2475	0
2476	0
2477	0
2478	0
2479	0
2480	0
2481	0
2482	0
2483	0
2484	0
2485	0
2486	0
2487	0
2488	0
2489	0
2490	0
2491	0
2492	0
2493	0
2494	0
2495	0
2496	0
2497	0
2498	0
2499	0
2500	0
2501	0
2502	0
2503	0
2504	0
2505	0
2506	0
2507	0
2508	0
2509	0
2510	0
2511	0
2512	0
2513	0
2514	0
2515	0
2516	0
2517	0
2518	0
2519	0
2520	0
2521	0
2522	0
2523	0
2524	0
2525	0
2526	0
2527	0
2528	0
2529	0
2530	0
2531	0
2532	0
2533	0
2534	0
2535	0
2536	0
2537	0
2538	0
2539	0
2540	0
2541	0
2542	0
2543	0
2544	0
2545	0
2546	0
2547	0
2548	0
2549	0
2550	0
2551	0
2552	0
2553	0
2554	0
2555	0
2556	0
2557	0
2558	0
2559	0
2560	0
2561	0
2562	0
2563	0
2564	0
2565	0
2566	0
2567	0
2568	0
2569	0
2570	0
2571	0
2572	0
2573	0
2574	0
2575	0
2576	0
2577	0
2578	0
2579	0
2580	0
2581	0
2582	0
2583	0
2584	0
2585	0
2586	0
2587	0
2588	0
2589	0
2590	0
2591	0
2592	0
2593	0
2594	0
2595	0
2596	0
2597	0
2598	0
2599	0
2600	0
2601	0
2602	0
2603	0
2604	0
2605	0
2606	0
2607	3.49956E-05
2608	3.49956E-05
2609	3.49956E-05
2610	3.49956E-05
2611	3.49956E-05
2612	3.49956E-05
2613	3.49956E-05
2614	3.49956E-05
2615	3.49956E-05
2616	3.49956E-05
2617	3.49956E-05
2618	3.49956E-05
2619	3.49956E-05
2620	3.49956E-05
2621	3.49956E-05
2622	3.49956E-05
2623	3.49956E-05
2624	3.49956E-05
2625	3.49956E-05
2626	3.49956E-05
2627	3.49956E-05
2628	3.49956E-05
2629	3.49956E-05
2630	3.49956E-05
2631	3.49956E-05
2632	3.49956E-05
2633	3.49956E-05
2634	3.49956E-05
2635	3.49956E-05
2636	3.49956E-05
2637	3.49956E-05
2638	3.49956E-05
2639	3.49956E-05
2640	3.49956E-05
2641	3.49956E-05
2642	3.49956E-05
2643	3.49956E-05
2644	3.49956E-05
2645	3.49956E-05
2646	3.49956E-05
2647	3.49956E-05
2648	3.49956E-05
2649	3.49956E-05
2650	3.49956E-05
2651	3.49956E-05
2652	3.49956E-05
2653	3.49956E-05
2654	3.49956E-05
2655	3.49956E-05
2656	3.49956E-05
2657	3.49956E-05
2658	3.49956E-05
2659	3.49956E-05
2660	3.49956E-05
2661	6.99913E-05
2662	6.99913E-05
2663	6.99913E-05
2664	6.99913E-05
2665	6.99913E-05
2666	6.99913E-05
2667	6.99913E-05
2668	6.99913E-05
2669	6.99913E-05
2670	6.99913E-05
2671	6.99913E-05
2672	6.99913E-05
2673	6.99913E-05
2674	6.99913E-05
2675	6.99913E-05
2676	6.99913E-05
2677	6.99913E-05
2678	6.99913E-05
2679	6.99913E-05
2680	6.99913E-05
2681	6.99913E-05
2682	6.99913E-05
2683	6.99913E-05
2684	6.99913E-05
2685	6.99913E-05
2686	6.99913E-05
2687	6.99913E-05
2688	6.99913E-05
2689	6.99913E-05
2690	6.99913E-05
2691	6.99913E-05
2692	6.99913E-05
2693	6.99913E-05
2694	6.99913E-05
2695	6.99913E-05
2696	0.000104987
2697	0.000104987
2698	0.000104987
2699	0.000104987
2700	0.000104987
2701	0.000104987
2702	0.000104987
2703	0.000104987
2704	0.000104987
2705	0.000104987
2706	0.000104987
2707	0.000104987
2708	0.000104987
2709	0.000104987
2710	0.000104987
2711	0.000104987
2712	0.000104987
2713	0.000104987
2714	0.000104987
2715	0.000104987
2716	0.000104987
2717	0.000104987
2718	0.000104987
2719	0.000104987
2720	0.000104987
2721	0.000104987
2722	0.000139983
2723	0.000139983
2724	0.000139983
2725	0.000139983
2726	0.000139983
2727	0.000139983
2728	0.000139983
2729	0.000139983
2730	0.000139983
2731	0.000139983
2732	0.000139983
2733	0.000139983
2734	0.000139983
2735	0.000139983
2736	0.000139983
2737	0.000139983
2738	0.000139983
2739	0.000139983
2740	0.000139983
2741	0.000139983
2742	0.000139983
2743	0.000174978
2744	0.000174978
2745	0.000174978
2746	0.000174978
2747	0.000174978
2748	0.000174978
2749	0.000174978
2750	0.000174978
2751	0.000174978
2752	0.000174978
2753	0.000174978
2754	0.000174978
2755	0.000174978
2756	0.000174978
2757	0.000174978
2758	0.000174978
2759	0.000174978
2760	0.000174978
2761	0.000209974
2762	0.000209974
2763	0.000209974
2764	0.000209974
2765	0.000209974
2766	0.000209974
2767	0.000209974
2768	0.000209974
2769	0.000209974
2770	0.000209974
2771	0.000209974
2772	0.000209974
2773	0.000209974
2774	0.000209974
2775	0.000209974
2776	0.000244969
2777	0.000244969
2778	0.000244969
2779	0.000244969
2780	0.000244969
2781	0.000244969
2782	0.000244969
2783	0.000244969
2784	0.000244969
2785	0.000244969
2786	0.000244969
2787	0.000244969
2788	0.000244969
2789	0.000279965
2790	0.000279965
2791	0.000279965
2792	0.000279965
2793	0.000279965
2794	0.000279965
2795	0.000279965
2796	0.000279965
2797	0.000279965
2798	0.000279965
2799	0.000279965
2800	0.000314961
2801	0.000314961
2802	0.000314961
2803	0.000314961
2804	0.000314961
2805	0.000314961
2806	0.000314961
2807	0.000314961
2808	0.000314961
2809	0.000314961
2810	0.000314961
2811	0.000349956
2812	0.000349956
2813	0.000349956
2814	0.000349956
2815	0.000349956
2816	0.000349956
2817	0.000349956
2818	0.000349956
2819	0.000349956
2820	0.000384952
2821	0.000384952
2822	0.000384952
2823	0.000384952
2824	0.000384952
2825	0.000384952
2826	0.000384952
2827	0.000384952
2828	0.000419948
2829	0.000419948
2830	0.000419948
2831	0.000419948
2832	0.000419948
2833	0.000419948
2834	0.000419948
2835	0.000419948
2836	0.000454943
2837	0.000454943
2838	0.000454943
2839	0.000454943
2840	0.000454943
2841	0.000454943
2842	0.000454943
2843	0.000489939
2844	0.000489939
2845	0.000489939
2846	0.000489939
2847	0.000489939
2848	0.000489939
2849	0.000489939
2850	0.000524934
2851	0.000524934
2852	0.000524934
2853	0.000524934
2854	0.000524934
2855	0.000524934
2856	0.00055993
2857	0.00055993
2858	0.00055993
2859	0.00055993
2860	0.00055993
2861	0.000594926
2862	0.000594926
2863	0.000594926
2864	0.000594926
2865	0.000594926
2866	0.000594926
2867	0.000629921
2868	0.000629921
2869	0.000629921
2870	0.000629921
2871	0.000629921
2872	0.000664917
2873	0.000664917
2874	0.000664917
2875	0.000664917
2876	0.000699913
2877	0.000699913
2878	0.000699913
2879	0.000699913
2880	0.000699913
2881	0.000734908
2882	0.000734908
2883	0.000734908
2884	0.000734908
2885	0.000769904
2886	0.000769904
2887	0.000769904
2888	0.000769904
2889	0.000804899
2890	0.000804899
2891	0.000804899
2892	0.000804899
2893	0.000839895
2894	0.000839895
2895	0.000839895
2896	0.000874891
2897	0.000874891
2898	0.000874891
2899	0.000874891
2900	0.000909886
2901	0.000909886
2902	0.000909886
2903	0.000944882
2904	0.000944882
2905	0.000944882
2906	0.000979878
2907	0.000979878
2908	0.000979878
2909	0.001014873
2910	0.001014873
2911	0.001014873
2912	0.001049869
2913	0.001049869
2914	0.001084864
2915	0.001084864
2916	0.001084864
2917	0.00111986
2918	0.00111986
2919	0.00111986
2920	0.001154856
2921	0.001154856
2922	0.001189851
2923	0.001189851
2924	0.001224847
2925	0.001224847
2926	0.001224847
2927	0.001259843
2928	0.001259843
2929	0.001294838
2930	0.001294838
2931	0.001329834
2932	0.001329834
2933	0.001364829
2934	0.001364829
2935	0.001399825
2936	0.001399825
2937	0.001434821
2938	0.001434821
2939	0.001469816
2940	0.001504812
2941	0.001504812
2942	0.001539808
2943	0.001539808
2944	0.001574803
2945	0.001609799
2946	0.001609799
2947	0.001644794
2948	0.00167979
2949	0.00167979
2950	0.001714786
2951	0.001749781
2952	0.001749781
2953	0.001784777
2954	0.001819773
2955	0.001819773
2956	0.001854768
2957	0.001889764
2958	0.001924759
2959	0.001959755
2960	0.001959755
2961	0.001994751
2962	0.002029746
2963	0.002064742
2964	0.002099738
2965	0.002134733
2966	0.002169729
2967	0.002204724
2968	0.00223972
2969	0.002274716
2970	0.002309711
2971	0.002344707
2972	0.002379703
2973	0.002414698
2974	0.002449694
2975	0.002484689
2976	0.002519685
2977	0.002554681
2978	0.002624672
2979	0.002659668
2980	0.002694663
2981	0.002729659
2982	0.00279965
2983	0.002834646
2984	0.002869641
2985	0.002939633
2986	0.002974628
2987	0.003044619
2988	0.003079615
2989	0.003149606
2990	0.003184602
2991	0.003254593
2992	0.003289589
2993	0.00335958
2994	0.003429571
2995	0.003499563
2996	0.003569554
2997	0.003604549
2998	0.003674541
2999	0.003744532
3000	0.003814523
3001	0.003884514
3002	0.003989501
3003	0.004059493
3004	0.004129484
3005	0.004199475
3006	0.004304462
3007	0.004374453
3008	0.00447944
3009	0.004549431
3010	0.004654418
3011	0.004759405
3012	0.004864392
3013	0.004969379
3014	0.005074366
3015	0.005179353
3016	0.005284339
3017	0.005389326
3018	0.005529309
3019	0.005634296
3020	0.005774278
3021	0.005914261
3022	0.006019248
3023	0.00615923
3024	0.006334208
3025	0.006474191
3026	0.006614173
3027	0.006789151
3028	0.006964129
3029	0.007139108
3030	0.007314086
3031	0.007489064
3032	0.007699038
3033	0.007874016
3034	0.00808399
3035	0.008293963
3036	0.008538933
3037	0.008748906
3038	0.008993876
3039	0.009273841
3040	0.00951881
3041	0.009798775
3042	0.01007874
3043	0.010393701
3044	0.010708661
3045	0.011023622
3046	0.011373578
3047	0.011723535
3048	0.012108486
3049	0.012493438
3050	0.01287839
3051	0.013333333
3052	0.013788276
3053	0.01424322
3054	0.014768154
3055	0.015293088
3056	0.015818023
3057	0.016412948
3058	0.01704287
3059	0.017707787
3060	0.018372703
3061	0.019107612
3062	0.019912511
3063	0.02071741
3064	0.021627297
3065	0.022537183
3066	0.023552056
3067	0.02463692
3068	0.02575678
3069	0.026981627
3070	0.028311461
3071	0.029746282
3072	0.031251094
3073	0.032930884
3074	0.034715661
3075	0.03664042
3076	0.038740157
3077	0.041049869
3078	0.043569554
3079	0.046334208
3080	0.049378828
3081	0.052738408
3082	0.056447944
3083	0.060612423
3084	0.065231846
3085	0.070411199
3086	0.076290464
3087	0.082939633
3088	0.090533683
3089	0.099247594
3090	0.109326334
3091	0.12111986
3092	0.134943132
3093	0.15135608
3094	0.170988626
3095	0.194715661
3096	0.223622047
3097	0.259002625
3098	0.3023972
3099	0.355205599
3100	0.418092738
3101	0.490358705
3102	0.569448819
3103	0.651583552
3104	0.73287839
3105	0.80951881
3106	0.877305337
3107	0.931268591
3108	0.967209099
3109	0.984006999
3110	0.98432196
3111	0.973053368
3112	0.955590551
3113	0.937672791
3114	0.925319335
3115	0.923079615
3116	0.932283465
3117	0.950761155
3118	0.973298338
3119	0.992195976
3120	0.999545057
3121	0.989606299
3122	0.959965004
3123	0.911741032
3124	0.848923885
3125	0.776027997
3126	0.696552931
3127	0.613718285
3128	0.531688539
3129	0.454908136
3130	0.386666667
3131	0.328608924
3132	0.280524934
3133	0.241189851
3134	0.209133858
3135	0.182887139
3136	0.161259843
3137	0.143272091
3138	0.128153981
3139	0.115345582
3140	0.104426947
3141	0.095013123
3142	0.086859143
3143	0.079755031
3144	0.073490814
3145	0.067926509
3146	0.063027122
3147	0.058617673
3148	0.054698163
3149	0.051163605
3150	0.047944007
3151	0.04503937
3152	0.042379703
3153	0.039965004
3154	0.03776028
3155	0.035730534
3156	0.033875766
3157	0.032125984
3158	0.030551181
3159	0.029081365
3160	0.027716535
3161	0.026421697
3162	0.025231846
3163	0.024111986
3164	0.023097113
3165	0.022117235
3166	0.021207349
3167	0.020332458
3168	0.019527559
3169	0.018792651
3170	0.018057743
3171	0.017392826
3172	0.016762905
3173	0.016132983
3174	0.015573053
3175	0.015048119
3176	0.014523185
3177	0.014033246
3178	0.013578303
3179	0.01312336
3180	0.012703412
3181	0.012283465
3182	0.011898513
3183	0.011548556
3184	0.0111986
3185	0.010848644
3186	0.010533683
3187	0.010253718
3188	0.009938758
3189	0.009658793
3190	0.009413823
3191	0.009133858
3192	0.008888889
3193	0.00864392
3194	0.008433946
3195	0.008188976
3196	0.007979003
3197	0.007769029
3198	0.007594051
3199	0.007384077
3200	0.007209099
3201	0.007034121
3202	0.006859143
3203	0.00671916
3204	0.006544182
3205	0.006404199
3206	0.006229221
3207	0.006089239
3208	0.005949256
3209	0.005844269
3210	0.005704287
3211	0.005564304
3212	0.005459318
3213	0.005319335
3214	0.005214348
3215	0.005109361
3216	0.005004374
3217	0.004899388
3218	0.004794401
3219	0.004689414
3220	0.004619423
3221	0.004514436
3222	0.004409449
3223	0.004339458
3224	0.004234471
3225	0.004164479
3226	0.004094488
3227	0.003989501
3228	0.00391951
3229	0.003849519
3230	0.003779528
3231	0.003709536
3232	0.003639545
3233	0.003569554
3234	0.003499563
3235	0.003464567
3236	0.003394576
3237	0.003324584
3238	0.003254593
3239	0.003219598
3240	0.003149606
3241	0.003114611
3242	0.003044619
3243	0.003009624
3244	0.002939633
3245	0.002904637
3246	0.002834646
3247	0.00279965
3248	0.002764654
3249	0.002694663
3250	0.002659668
3251	0.002624672
3252	0.002589676
3253	0.002519685
3254	0.002484689
3255	0.002449694
3256	0.002414698
3257	0.002379703
3258	0.002344707
3259	0.002309711
3260	0.002274716
3261	0.00223972
3262	0.002204724
3263	0.002169729
3264	0.002134733
3265	0.002099738
3266	0.002064742
3267	0.002029746
3268	0.001994751
3269	0.001994751
3270	0.001959755
3271	0.001924759
3272	0.001889764
3273	0.001854768
3274	0.001854768
3275	0.001819773
3276	0.001784777
3277	0.001749781
3278	0.001749781
3279	0.001714786
3280	0.00167979
3281	0.00167979
3282	0.001644794
3283	0.001609799
3284	0.001609799
3285	0.001574803
3286	0.001539808
3287	0.001539808
3288	0.001504812
3289	0.001504812
3290	0.001469816
3291	0.001434821
3292	0.001434821
3293	0.001399825
3294	0.001399825
3295	0.001364829
3296	0.001364829
3297	0.001329834
3298	0.001329834
3299	0.001294838
3300	0.001294838
3301	0.001259843
3302	0.001259843
3303	0.001224847
3304	0.001224847
3305	0.001189851
3306	0.001189851
3307	0.001189851
3308	0.001154856
3309	0.001154856
3310	0.00111986
3311	0.00111986
3312	0.001084864
3313	0.001084864
3314	0.001084864
3315	0.001049869
3316	0.001049869
3317	0.001049869
3318	0.001014873
3319	0.001014873
3320	0.001014873
3321	0.000979878
3322	0.000979878
3323	0.000944882
3324	0.000944882
3325	0.000944882
3326	0.000909886
3327	0.000909886
3328	0.000909886
3329	0.000909886
3330	0.000874891
3331	0.000874891
3332	0.000874891
3333	0.000839895
3334	0.000839895
3335	0.000839895
3336	0.000839895
3337	0.000804899
3338	0.000804899
3339	0.000804899
3340	0.000769904
3341	0.000769904
3342	0.000769904
3343	0.000769904
3344	0.000734908
3345	0.000734908
3346	0.000734908
3347	0.000734908
3348	0.000699913
3349	0.000699913
3350	0.000699913
3351	0.000699913
3352	0.000699913
3353	0.000664917
3354	0.000664917
3355	0.000664917
3356	0.000664917
3357	0.000629921
3358	0.000629921
3359	0.000629921
3360	0.000629921
3361	0.000629921
3362	0.000594926
3363	0.000594926
3364	0.000594926
3365	0.000594926
3366	0.000594926
3367	0.000594926
3368	0.00055993
3369	0.00055993
3370	0.00055993
3371	0.00055993
3372	0.00055993
3373	0.000524934
3374	0.000524934
3375	0.000524934
3376	0.000524934
3377	0.000524934
3378	0.000524934
3379	0.000524934
3380	0.000489939
3381	0.000489939
3382	0.000489939
3383	0.000489939
3384	0.000489939
3385	0.000489939
3386	0.000454943
3387	0.000454943
3388	0.000454943
3389	0.000454943
3390	0.000454943
3391	0.000454943
3392	0.000454943
3393	0.000454943
3394	0.000419948
3395	0.000419948
3396	0.000419948
3397	0.000419948
3398	0.000419948
3399	0.000419948
3400	0.000419948
3401	0.000419948
3402	0.000384952
3403	0.000384952
3404	0.000384952
3405	0.000384952
3406	0.000384952
3407	0.000384952
3408	0.000384952
3409	0.000384952
3410	0.000384952
3411	0.000349956
3412	0.000349956
3413	0.000349956
3414	0.000349956
3415	0.000349956
3416	0.000349956
3417	0.000349956
3418	0.000349956
3419	0.000349956
3420	0.000349956
3421	0.000349956
3422	0.000314961
3423	0.000314961
3424	0.000314961
3425	0.000314961
3426	0.000314961
3427	0.000314961
3428	0.000314961
3429	0.000314961
3430	0.000314961
3431	0.000314961
3432	0.000314961
3433	0.000314961
3434	0.000279965
3435	0.000279965
3436	0.000279965
3437	0.000279965
3438	0.000279965
3439	0.000279965
3440	0.000279965
3441	0.000279965
3442	0.000279965
3443	0.000279965
3444	0.000279965
3445	0.000279965
3446	0.000279965
3447	0.000279965
3448	0.000279965
3449	0.000279965
3450	0.000244969
3451	0.000244969
3452	0.000244969
3453	0.000244969
3454	0.000244969
3455	0.000244969
3456	0.000244969
3457	0.000244969
3458	0.000244969
3459	0.000244969
3460	0.000244969
3461	0.000244969
3462	0.000244969
3463	0.000244969
3464	0.000244969
3465	0.000244969
3466	0.000244969
3467	0.000244969
3468	0.000244969
3469	0.000244969
3470	0.000244969
3471	0.000244969
3472	0.000244969
3473	0.000209974
3474	0.000209974
3475	0.000209974
3476	0.000209974
3477	0.000209974
3478	0.000209974
3479	0.000209974
3480	0.000209974
3481	0.000209974
3482	0.000209974
3483	0.000209974
3484	0.000209974
3485	0.000209974
3486	0.000209974
3487	0.000209974
3488	0.000209974
3489	0.000209974
3490	0.000209974
3491	0.000209974
3492	0.000209974
3493	0.000209974
3494	0.000209974
3495	0.000209974
3496	0.000209974
3497	0.000209974
3498	0.000209974
3499	0.000209974
3500	0.000209974
3501	0.000209974
3502	0.000209974
3503	0.000209974
3504	0.000209974
3505	0.000209974
3506	0.000209974
3507	0.000209974
3508	0.000209974
3509	0.000209974
3510	0.000209974
3511	0.000209974
3512	0.000209974
3513	0.000209974
3514	0.000209974
3515	0.000209974
3516	0.000209974
3517	0.000209974
3518	0.000209974
3519	0.000209974
3520	0.000209974
3521	0.000209974
3522	0.000209974
3523	0.000209974
3524	0.000209974
3525	0.000244969
3526	0.000244969
3527	0.000244969
3528	0.000244969
3529	0.000244969
3530	0.000244969
3531	0.000244969
3532	0.000244969
3533	0.000244969
3534	0.000244969
3535	0.000244969
3536	0.000244969
3537	0.000244969
3538	0.000244969
3539	0.000244969
3540	0.000244969
3541	0.000244969
3542	0.000244969
3543	0.000244969
3544	0.000279965
3545	0.000279965
3546	0.000279965
3547	0.000279965
3548	0.000279965
3549	0.000279965
3550	0.000279965
3551	0.000279965
3552	0.000279965
3553	0.000279965
3554	0.000279965
3555	0.000314961
3556	0.000314961
3557	0.000314961
3558	0.000314961
3559	0.000314961
3560	0.000314961
3561	0.000314961
3562	0.000314961
3563	0.000314961
3564	0.000349956
3565	0.000349956
3566	0.000349956
3567	0.000349956
3568	0.000349956
3569	0.000349956
3570	0.000349956
3571	0.000384952
3572	0.000384952
3573	0.000384952
3574	0.000384952
3575	0.000384952
3576	0.000419948
3577	0.000419948
3578	0.000419948
3579	0.000419948
3580	0.000419948
3581	0.000454943
3582	0.000454943
3583	0.000454943
3584	0.000454943
3585	0.000489939
3586	0.000489939
3587	0.000489939
3588	0.000489939
3589	0.000524934
3590	0.000524934
3591	0.000524934
3592	0.000524934
3593	0.00055993
3594	0.00055993
3595	0.00055993
3596	0.000594926
3597	0.000594926
3598	0.000629921
3599	0.000629921
3600	0.000629921
3601	0.000664917
3602	0.000664917
3603	0.000699913
3604	0.000699913
3605	0.000699913
3606	0.000734908
3607	0.000734908
3608	0.000769904
3609	0.000769904
3610	0.000804899
3611	0.000839895
3612	0.000839895
3613	0.000874891
3614	0.000874891
3615	0.000909886
3616	0.000944882
3617	0.000944882
3618	0.000979878
3619	0.001014873
3620	0.001049869
3621	0.001084864
3622	0.001084864
3623	0.00111986
3624	0.001154856
3625	0.001189851
3626	0.001224847
3627	0.001259843
3628	0.001294838
3629	0.001329834
3630	0.001399825
3631	0.001434821
3632	0.001469816
3633	0.001539808
3634	0.001574803
3635	0.001644794
3636	0.00167979
3637	0.001749781
3638	0.001819773
3639	0.001854768
3640	0.001924759
3641	0.001994751
3642	0.002099738
3643	0.002169729
3644	0.00223972
3645	0.002344707
3646	0.002449694
3647	0.002554681
3648	0.002659668
3649	0.002764654
3650	0.002904637
3651	0.003044619
3652	0.003184602
3653	0.003324584
3654	0.003499563
3655	0.003674541
3656	0.003849519
3657	0.004059493
3658	0.004304462
3659	0.004549431
3660	0.004829396
3661	0.005144357
3662	0.005459318
3663	0.005844269
3664	0.006229221
3665	0.006684164
3666	0.007209099
3667	0.007804024
3668	0.008468941
3669	0.00920385
3670	0.01007874
3671	0.011128609
3672	0.01231846
3673	0.013718285
3674	0.015433071
3675	0.017497813
3676	0.020017498
3677	0.023132108
3678	0.026981627
3679	0.031706037
3680	0.037480315
3681	0.044164479
3682	0.051268591
3683	0.057707787
3684	0.061977253
3685	0.063307087
3686	0.062222222
3687	0.060332458
3688	0.059177603
3689	0.059667542
3690	0.062222222
3691	0.066666667
3692	0.072230971
3693	0.077655293
3694	0.081469816
3695	0.083184602
3696	0.083709536
3697	0.084654418
3698	0.087209099
3699	0.091513561
3700	0.096517935
3701	0.100682415
3702	0.102852143
3703	0.102747157
3704	0.100367454
3705	0.095573053
3706	0.088748906
3707	0.08111986
3708	0.074225722
3709	0.069221347
3710	0.066526684
3711	0.066351706
3712	0.068731409
3713	0.073490814
3714	0.080244969
3715	0.087874016
3716	0.094733158
3717	0.099107612
3718	0.099947507
3719	0.096937883
3720	0.090498688
3721	0.08167979
3722	0.072265967
3723	0.063727034
3724	0.0567979
3725	0.051828521
3726	0.048678915
3727	0.047349081
3728	0.047699038
3729	0.049728784
3730	0.05343832
3731	0.058547682
3732	0.064426947
3733	0.069816273
3734	0.073315836
3735	0.074365704
3736	0.073735783
3737	0.072790901
3738	0.072230971
3739	0.071531059
3740	0.069291339
3741	0.064531934
3742	0.057567804
3743	0.049623797
3744	0.042029746
3745	0.035415573
3746	0.02992126
3747	0.02544182
3748	0.021872266
3749	0.018967629
3750	0.016622922
3751	0.014698163
3752	0.013088364
3753	0.011723535
3754	0.010603675
3755	0.009623797
3756	0.008783902
3757	0.00808399
3758	0.007419073
3759	0.006859143
3760	0.006369204
3761	0.005949256
3762	0.005564304
3763	0.005179353
3764	0.004864392
3765	0.004584427
3766	0.004304462
3767	0.004094488
3768	0.003849519
3769	0.003639545
3770	0.003464567
3771	0.003289589
3772	0.003114611
3773	0.002974628
3774	0.002834646
3775	0.002729659
3776	0.002589676
3777	0.002484689
3778	0.002379703
3779	0.002274716
3780	0.002169729
3781	0.002099738
3782	0.001994751
3783	0.001924759
3784	0.001854768
3785	0.001784777
3786	0.001714786
3787	0.001644794
3788	0.001609799
3789	0.001539808
3790	0.001469816
3791	0.001434821
3792	0.001364829
3793	0.001329834
3794	0.001294838
3795	0.001259843
3796	0.001189851
3797	0.001154856
3798	0.00111986
3799	0.001084864
3800	0.001049869
3801	0.001014873
3802	0.000979878
3803	0.000944882
3804	0.000909886
3805	0.000909886
3806	0.000874891
3807	0.000839895
3808	0.000804899
3809	0.000804899
3810	0.000769904
3811	0.000734908
3812	0.000734908
3813	0.000699913
3814	0.000664917
3815	0.000664917
3816	0.000629921
3817	0.000629921
3818	0.000594926
3819	0.000594926
3820	0.00055993
3821	0.00055993
3822	0.000524934
3823	0.000524934
3824	0.000489939
3825	0.000489939
3826	0.000454943
3827	0.000454943
3828	0.000454943
3829	0.000419948
3830	0.000419948
3831	0.000419948
3832	0.000384952
3833	0.000384952
3834	0.000384952
3835	0.000349956
3836	0.000349956
3837	0.000349956
3838	0.000314961
3839	0.000314961
3840	0.000314961
3841	0.000279965
3842	0.000279965
3843	0.000279965
3844	0.000279965
3845	0.000244969
3846	0.000244969
3847	0.000244969
3848	0.000244969
3849	0.000209974
3850	0.000209974
