# v / cm^-1  DOS / states (q-point cm^-1)^-1
  -110.000    0.0194
  -109.000    0.0196
  -108.000    0.0198
  -107.000    0.0200
  -106.000    0.0202
  -105.000    0.0205
  -104.000    0.0207
  -103.000    0.0209
  -102.000    0.0212
  -101.000    0.0214
  -100.000    0.0217
   -99.000    0.0219
   -98.000    0.0222
   -97.000    0.0224
   -96.000    0.0227
   -95.000    0.0230
   -94.000    0.0233
   -93.000    0.0236
   -92.000    0.0239
   -91.000    0.0242
   -90.000    0.0245
   -89.000    0.0248
   -88.000    0.0251
   -87.000    0.0255
   -86.000    0.0258
   -85.000    0.0262
   -84.000    0.0265
   -83.000    0.0269
   -82.000    0.0273
   -81.000    0.0277
   -80.000    0.0281
   -79.000    0.0285
   -78.000    0.0289
   -77.000    0.0293
   -76.000    0.0298
   -75.000    0.0302
   -74.000    0.0307
   -73.000    0.0312
   -72.000    0.0316
   -71.000    0.0322
   -70.000    0.0327
   -69.000    0.0332
   -68.000    0.0338
   -67.000    0.0343
   -66.000    0.0349
   -65.000    0.0355
   -64.000    0.0361
   -63.000    0.0368
   -62.000    0.0375
   -61.000    0.0381
   -60.000    0.0388
   -59.000    0.0396
   -58.000    0.0403
   -57.000    0.0411
   -56.000    0.0419
   -55.000    0.0428
   -54.000    0.0437
   -53.000    0.0446
   -52.000    0.0455
   -51.000    0.0465
   -50.000    0.0475
   -49.000    0.0486
   -48.000    0.0497
   -47.000    0.0508
   -46.000    0.0520
   -45.000    0.0533
   -44.000    0.0546
   -43.000    0.0559
   -42.000    0.0574
   -41.000    0.0589
   -40.000    0.0604
   -39.000    0.0621
   -38.000    0.0638
   -37.000    0.0656
   -36.000    0.0676
   -35.000    0.0696
   -34.000    0.0717
   -33.000    0.0740
   -32.000    0.0764
   -31.000    0.0790
   -30.000    0.0817
   -29.000    0.0846
   -28.000    0.0877
   -27.000    0.0910
   -26.000    0.0946
   -25.000    0.0984
   -24.000    0.1025
   -23.000    0.1069
   -22.000    0.1118
   -21.000    0.1170
   -20.000    0.1228
   -19.000    0.1291
   -18.000    0.1360
   -17.000    0.1437
   -16.000    0.1522
   -15.000    0.1617
   -14.000    0.1725
   -13.000    0.1847
   -12.000    0.1986
   -11.000    0.2146
   -10.000    0.2333
    -9.000    0.2552
    -8.000    0.2812
    -7.000    0.3123
    -6.000    0.3499
    -5.000    0.3954
    -4.000    0.4504
    -3.000    0.5154
    -2.000    0.5894
    -1.000    0.6683
     0.000    0.7460
     1.000    0.8167
     2.000    0.8762
     3.000    0.9195
     4.000    0.9432
     5.000    0.9528
     6.000    0.9624
     7.000    0.9876
     8.000    1.0397
     9.000    1.1243
    10.000    1.2418
    11.000    1.3865
    12.000    1.5465
    13.000    1.7073
    14.000    1.8580
    15.000    1.9942
    16.000    2.1142
    17.000    2.2135
    18.000    2.2858
    19.000    2.3276
    20.000    2.3380
    21.000    2.3211
    22.000    2.2870
    23.000    2.2461
    24.000    2.1994
    25.000    2.1399
    26.000    2.0612
    27.000    1.9650
    28.000    1.8575
    29.000    1.7440
    30.000    1.6270
    31.000    1.5099
    32.000    1.4011
    33.000    1.3123
    34.000    1.2536
    35.000    1.2298
    36.000    1.2397
    37.000    1.2763
    38.000    1.3270
    39.000    1.3787
    40.000    1.4252
    41.000    1.4661
    42.000    1.4977
    43.000    1.5068
    44.000    1.4810
    45.000    1.4219
    46.000    1.3484
    47.000    1.2846
    48.000    1.2485
    49.000    1.2500
    50.000    1.2928
    51.000    1.3766
    52.000    1.4958
    53.000    1.6362
    54.000    1.7753
    55.000    1.8895
    56.000    1.9629
    57.000    1.9899
    58.000    1.9729
    59.000    1.9206
    60.000    1.8444
    61.000    1.7525
    62.000    1.6504
    63.000    1.5455
    64.000    1.4501
    65.000    1.3768
    66.000    1.3313
    67.000    1.3106
    68.000    1.3071
    69.000    1.3143
    70.000    1.3286
    71.000    1.3474
    72.000    1.3670
    73.000    1.3832
    74.000    1.3949
    75.000    1.4071
    76.000    1.4271
    77.000    1.4536
    78.000    1.4716
    79.000    1.4603
    80.000    1.4107
    81.000    1.3346
    82.000    1.2553
    83.000    1.1924
    84.000    1.1545
    85.000    1.1404
    86.000    1.1435
    87.000    1.1578
    88.000    1.1813
    89.000    1.2151
    90.000    1.2598
    91.000    1.3173
    92.000    1.3893
    93.000    1.4715
    94.000    1.5493
    95.000    1.6008
    96.000    1.6092
    97.000    1.5748
    98.000    1.5177
    99.000    1.4659
   100.000    1.4425
   101.000    1.4602
   102.000    1.5221
   103.000    1.6221
   104.000    1.7445
   105.000    1.8631
   106.000    1.9486
   107.000    1.9805
   108.000    1.9598
   109.000    1.9087
   110.000    1.8578
   111.000    1.8304
   112.000    1.8354
   113.000    1.8687
   114.000    1.9214
   115.000    1.9875
   116.000    2.0626
   117.000    2.1394
   118.000    2.2059
   119.000    2.2513
   120.000    2.2702
   121.000    2.2617
   122.000    2.2256
   123.000    2.1654
   124.000    2.0932
   125.000    2.0280
   126.000    1.9853
   127.000    1.9706
   128.000    1.9794
   129.000    2.0029
   130.000    2.0334
   131.000    2.0674
   132.000    2.1046
   133.000    2.1451
   134.000    2.1881
   135.000    2.2313
   136.000    2.2695
   137.000    2.2954
   138.000    2.3023
   139.000    2.2872
   140.000    2.2515
   141.000    2.1994
   142.000    2.1374
   143.000    2.0759
   144.000    2.0216
   145.000    1.9707
   146.000    1.9165
   147.000    1.8599
   148.000    1.8074
   149.000    1.7610
   150.000    1.7155
   151.000    1.6656
   152.000    1.6146
   153.000    1.5752
   154.000    1.5615
   155.000    1.5814
   156.000    1.6341
   157.000    1.7128
   158.000    1.8115
   159.000    1.9290
   160.000    2.0664
   161.000    2.2165
   162.000    2.3571
   163.000    2.4556
   164.000    2.4867
   165.000    2.4485
   166.000    2.3611
   167.000    2.2483
   168.000    2.1251
   169.000    1.9980
   170.000    1.8690
   171.000    1.7393
   172.000    1.6147
   173.000    1.5046
   174.000    1.4156
   175.000    1.3467
   176.000    1.2911
   177.000    1.2399
   178.000    1.1836
   179.000    1.1150
   180.000    1.0358
   181.000    0.9564
   182.000    0.8873
   183.000    0.8328
   184.000    0.7900
   185.000    0.7512
   186.000    0.7100
   187.000    0.6656
   188.000    0.6223
   189.000    0.5853
   190.000    0.5576
   191.000    0.5404
   192.000    0.5339
   193.000    0.5380
   194.000    0.5534
   195.000    0.5809
   196.000    0.6225
   197.000    0.6809
   198.000    0.7596
   199.000    0.8628
   200.000    0.9940
   201.000    1.1530
   202.000    1.3317
   203.000    1.5090
   204.000    1.6537
   205.000    1.7361
   206.000    1.7403
   207.000    1.6678
   208.000    1.5353
   209.000    1.3685
   210.000    1.1938
   211.000    1.0312
   212.000    0.8921
   213.000    0.7801
   214.000    0.6940
   215.000    0.6308
   216.000    0.5873
   217.000    0.5604
   218.000    0.5473
   219.000    0.5436
   220.000    0.5430
   221.000    0.5380
   222.000    0.5237
   223.000    0.5014
   224.000    0.4771
   225.000    0.4569
   226.000    0.4446
   227.000    0.4421
   228.000    0.4504
   229.000    0.4704
   230.000    0.5036
   231.000    0.5518
   232.000    0.6165
   233.000    0.6975
   234.000    0.7902
   235.000    0.8822
   236.000    0.9535
   237.000    0.9837
   238.000    0.9651
   239.000    0.9091
   240.000    0.8389
   241.000    0.7755
   242.000    0.7306
   243.000    0.7069
   244.000    0.6999
   245.000    0.6996
   246.000    0.6927
   247.000    0.6680
   248.000    0.6235
   249.000    0.5669
   250.000    0.5094
   251.000    0.4590
   252.000    0.4189
   253.000    0.3895
   254.000    0.3703
   255.000    0.3605
   256.000    0.3596
   257.000    0.3673
   258.000    0.3837
   259.000    0.4080
   260.000    0.4379
   261.000    0.4687
   262.000    0.4942
   263.000    0.5109
   264.000    0.5202
   265.000    0.5251
   266.000    0.5255
   267.000    0.5178
   268.000    0.5001
   269.000    0.4742
   270.000    0.4440
   271.000    0.4135
   272.000    0.3858
   273.000    0.3634
   274.000    0.3473
   275.000    0.3378
   276.000    0.3344
   277.000    0.3369
   278.000    0.3449
   279.000    0.3587
   280.000    0.3785
   281.000    0.4052
   282.000    0.4398
   283.000    0.4841
   284.000    0.5404
   285.000    0.6117
   286.000    0.7018
   287.000    0.8147
   288.000    0.9541
   289.000    1.1202
   290.000    1.3066
   291.000    1.4972
   292.000    1.6682
   293.000    1.7954
   294.000    1.8634
   295.000    1.8739
   296.000    1.8466
   297.000    1.8105
   298.000    1.7942
   299.000    1.8148
   300.000    1.8685
   301.000    1.9284
   302.000    1.9524
   303.000    1.9031
   304.000    1.7702
   305.000    1.5761
   306.000    1.3591
   307.000    1.1518
   308.000    0.9716
   309.000    0.8230
   310.000    0.7033
   311.000    0.6078
   312.000    0.5315
   313.000    0.4702
   314.000    0.4207
   315.000    0.3805
   316.000    0.3474
   317.000    0.3202
   318.000    0.2977
   319.000    0.2790
   320.000    0.2635
   321.000    0.2507
   322.000    0.2401
   323.000    0.2316
   324.000    0.2248
   325.000    0.2197
   326.000    0.2160
   327.000    0.2137
   328.000    0.2128
   329.000    0.2132
   330.000    0.2150
   331.000    0.2183
   332.000    0.2231
   333.000    0.2297
   334.000    0.2382
   335.000    0.2490
   336.000    0.2624
   337.000    0.2790
   338.000    0.2994
   339.000    0.3246
   340.000    0.3557
   341.000    0.3943
   342.000    0.4427
   343.000    0.5034
   344.000    0.5802
   345.000    0.6775
   346.000    0.8001
   347.000    0.9517
   348.000    1.1313
   349.000    1.3263
   350.000    1.5056
   351.000    1.6220
   352.000    1.6351
   353.000    1.5409
   354.000    1.3757
   355.000    1.1878
   356.000    1.0119
   357.000    0.8635
   358.000    0.7451
   359.000    0.6537
   360.000    0.5847
   361.000    0.5338
   362.000    0.4976
   363.000    0.4736
   364.000    0.4602
   365.000    0.4564
   366.000    0.4618
   367.000    0.4768
   368.000    0.5021
   369.000    0.5395
   370.000    0.5912
   371.000    0.6604
   372.000    0.7512
   373.000    0.8677
   374.000    1.0126
   375.000    1.1833
   376.000    1.3661
   377.000    1.5320
   378.000    1.6418
   379.000    1.6631
   380.000    1.5900
   381.000    1.4469
   382.000    1.2735
   383.000    1.1045
   384.000    0.9590
   385.000    0.8430
   386.000    0.7555
   387.000    0.6929
   388.000    0.6514
   389.000    0.6282
   390.000    0.6215
   391.000    0.6307
   392.000    0.6561
   393.000    0.6994
   394.000    0.7631
   395.000    0.8510
   396.000    0.9671
   397.000    1.1148
   398.000    1.2923
   399.000    1.4876
   400.000    1.6728
   401.000    1.8087
   402.000    1.8644
   403.000    1.8373
   404.000    1.7534
   405.000    1.6517
   406.000    1.5688
   407.000    1.5294
   408.000    1.5452
   409.000    1.6153
   410.000    1.7237
   411.000    1.8340
   412.000    1.8917
   413.000    1.8503
   414.000    1.7057
   415.000    1.4975
   416.000    1.2754
   417.000    1.0721
   418.000    0.9004
   419.000    0.7608
   420.000    0.6489
   421.000    0.5596
   422.000    0.4879
   423.000    0.4299
   424.000    0.3825
   425.000    0.3434
   426.000    0.3109
   427.000    0.2836
   428.000    0.2604
   429.000    0.2407
   430.000    0.2237
   431.000    0.2089
   432.000    0.1961
   433.000    0.1849
   434.000    0.1751
   435.000    0.1664
   436.000    0.1587
   437.000    0.1519
   438.000    0.1458
   439.000    0.1404
   440.000    0.1355
   441.000    0.1312
   442.000    0.1273
   443.000    0.1239
   444.000    0.1208
   445.000    0.1180
   446.000    0.1156
   447.000    0.1134
   448.000    0.1115
   449.000    0.1099
   450.000    0.1084
   451.000    0.1072
   452.000    0.1062
   453.000    0.1054
   454.000    0.1048
   455.000    0.1044
   456.000    0.1041
   457.000    0.1041
   458.000    0.1042
   459.000    0.1045
   460.000    0.1049
   461.000    0.1056
   462.000    0.1064
   463.000    0.1074
   464.000    0.1087
   465.000    0.1101
   466.000    0.1118
   467.000    0.1137
   468.000    0.1159
   469.000    0.1183
   470.000    0.1211
   471.000    0.1242
   472.000    0.1276
   473.000    0.1315
   474.000    0.1358
   475.000    0.1407
   476.000    0.1461
   477.000    0.1522
   478.000    0.1591
   479.000    0.1669
   480.000    0.1757
   481.000    0.1858
   482.000    0.1973
   483.000    0.2107
   484.000    0.2261
   485.000    0.2443
   486.000    0.2657
   487.000    0.2912
   488.000    0.3219
   489.000    0.3592
   490.000    0.4047
   491.000    0.4603
   492.000    0.5280
   493.000    0.6083
   494.000    0.6994
   495.000    0.7954
   496.000    0.8874
   497.000    0.9672
   498.000    1.0293
   499.000    1.0721
   500.000    1.0985
   501.000    1.1161
   502.000    1.1344
   503.000    1.1641
   504.000    1.2152
   505.000    1.2927
   506.000    1.3930
   507.000    1.5051
   508.000    1.6165
   509.000    1.7222
   510.000    1.8262
   511.000    1.9377
   512.000    2.0610
   513.000    2.1815
   514.000    2.2620
   515.000    2.2631
   516.000    2.1782
   517.000    2.0425
   518.000    1.9041
   519.000    1.7938
   520.000    1.7161
   521.000    1.6572
   522.000    1.5990
   523.000    1.5306
   524.000    1.4531
   525.000    1.3768
   526.000    1.3143
   527.000    1.2714
   528.000    1.2415
   529.000    1.2084
   530.000    1.1582
   531.000    1.0907
   532.000    1.0160
   533.000    0.9417
   534.000    0.8672
   535.000    0.7885
   536.000    0.7066
   537.000    0.6270
   538.000    0.5557
   539.000    0.4953
   540.000    0.4458
   541.000    0.4059
   542.000    0.3740
   543.000    0.3486
   544.000    0.3285
   545.000    0.3126
   546.000    0.3003
   547.000    0.2909
   548.000    0.2842
   549.000    0.2797
   550.000    0.2774
   551.000    0.2770
   552.000    0.2785
   553.000    0.2819
   554.000    0.2873
   555.000    0.2948
   556.000    0.3045
   557.000    0.3168
   558.000    0.3319
   559.000    0.3503
   560.000    0.3726
   561.000    0.3997
   562.000    0.4326
   563.000    0.4726
   564.000    0.5216
   565.000    0.5820
   566.000    0.6570
   567.000    0.7507
   568.000    0.8679
   569.000    1.0141
   570.000    1.1932
   571.000    1.4033
   572.000    1.6297
   573.000    1.8378
   574.000    1.9790
   575.000    2.0189
   576.000    1.9672
   577.000    1.8714
   578.000    1.7841
   579.000    1.7401
   580.000    1.7540
   581.000    1.8245
   582.000    1.9347
   583.000    2.0516
   584.000    2.1330
   585.000    2.1482
   586.000    2.0941
   587.000    1.9917
   588.000    1.8732
   589.000    1.7709
   590.000    1.7095
   591.000    1.7039
   592.000    1.7623
   593.000    1.8889
   594.000    2.0835
   595.000    2.3355
   596.000    2.6137
   597.000    2.8616
   598.000    3.0149
   599.000    3.0375
   600.000    2.9385
   601.000    2.7525
   602.000    2.5126
   603.000    2.2437
   604.000    1.9667
   605.000    1.7024
   606.000    1.4672
   607.000    1.2701
   608.000    1.1120
   609.000    0.9892
   610.000    0.8966
   611.000    0.8295
   612.000    0.7846
   613.000    0.7595
   614.000    0.7534
   615.000    0.7665
   616.000    0.8006
   617.000    0.8583
   618.000    0.9432
   619.000    1.0581
   620.000    1.2024
   621.000    1.3666
   622.000    1.5271
   623.000    1.6462
   624.000    1.6863
   625.000    1.6305
   626.000    1.4929
   627.000    1.3102
   628.000    1.1202
   629.000    0.9475
   630.000    0.8017
   631.000    0.6832
   632.000    0.5883
   633.000    0.5124
   634.000    0.4516
   635.000    0.4025
   636.000    0.3623
   637.000    0.3293
   638.000    0.3018
   639.000    0.2788
   640.000    0.2593
   641.000    0.2427
   642.000    0.2284
   643.000    0.2162
   644.000    0.2056
   645.000    0.1963
   646.000    0.1883
   647.000    0.1813
   648.000    0.1752
   649.000    0.1699
   650.000    0.1652
   651.000    0.1612
   652.000    0.1578
   653.000    0.1548
   654.000    0.1523
   655.000    0.1503
   656.000    0.1486
   657.000    0.1474
   658.000    0.1465
   659.000    0.1459
   660.000    0.1458
   661.000    0.1459
   662.000    0.1464
   663.000    0.1473
   664.000    0.1485
   665.000    0.1501
   666.000    0.1520
   667.000    0.1544
   668.000    0.1572
   669.000    0.1605
   670.000    0.1643
   671.000    0.1686
   672.000    0.1736
   673.000    0.1792
   674.000    0.1857
   675.000    0.1929
   676.000    0.2012
   677.000    0.2105
   678.000    0.2212
   679.000    0.2333
   680.000    0.2472
   681.000    0.2632
   682.000    0.2815
   683.000    0.3028
   684.000    0.3277
   685.000    0.3568
   686.000    0.3912
   687.000    0.4321
   688.000    0.4812
   689.000    0.5407
   690.000    0.6134
   691.000    0.7030
   692.000    0.8147
   693.000    0.9550
   694.000    1.1320
   695.000    1.3552
   696.000    1.6334
   697.000    1.9694
   698.000    2.3487
   699.000    2.7249
   700.000    3.0144
   701.000    3.1245
   702.000    3.0137
   703.000    2.7252
   704.000    2.3519
   705.000    1.9774
   706.000    1.6471
   707.000    1.3748
   708.000    1.1575
   709.000    0.9863
   710.000    0.8519
   711.000    0.7461
   712.000    0.6625
   713.000    0.5961
   714.000    0.5432
   715.000    0.5011
   716.000    0.4675
   717.000    0.4411
   718.000    0.4207
   719.000    0.4052
   720.000    0.3943
   721.000    0.3873
   722.000    0.3840
   723.000    0.3844
   724.000    0.3883
   725.000    0.3959
   726.000    0.4074
   727.000    0.4233
   728.000    0.4442
   729.000    0.4710
   730.000    0.5048
   731.000    0.5473
   732.000    0.6007
   733.000    0.6678
   734.000    0.7522
   735.000    0.8587
   736.000    0.9919
   737.000    1.1556
   738.000    1.3483
   739.000    1.5571
   740.000    1.7512
   741.000    1.8856
   742.000    1.9234
   743.000    1.8624
   744.000    1.7373
   745.000    1.5955
   746.000    1.4731
   747.000    1.3881
   748.000    1.3467
   749.000    1.3503
   750.000    1.3996
   751.000    1.4972
   752.000    1.6483
   753.000    1.8598
   754.000    2.1383
   755.000    2.4836
   756.000    2.8768
   757.000    3.2669
   758.000    3.5722
   759.000    3.7160
   760.000    3.6785
   761.000    3.5100
   762.000    3.2948
   763.000    3.1065
   764.000    2.9836
   765.000    2.9260
   766.000    2.9051
   767.000    2.8848
   768.000    2.8455
   769.000    2.7921
   770.000    2.7426
   771.000    2.7119
   772.000    2.7009
   773.000    2.6881
   774.000    2.6305
   775.000    2.4901
   776.000    2.2678
   777.000    2.0028
   778.000    1.7416
   779.000    1.5129
   780.000    1.3269
   781.000    1.1828
   782.000    1.0759
   783.000    1.0011
   784.000    0.9546
   785.000    0.9343
   786.000    0.9396
   787.000    0.9715
   788.000    1.0319
   789.000    1.1227
   790.000    1.2422
   791.000    1.3809
   792.000    1.5162
   793.000    1.6155
   794.000    1.6524
   795.000    1.6239
   796.000    1.5457
   797.000    1.4340
   798.000    1.2990
   799.000    1.1514
   800.000    1.0052
   801.000    0.8726
   802.000    0.7600
   803.000    0.6680
   804.000    0.5944
   805.000    0.5363
   806.000    0.4904
   807.000    0.4546
   808.000    0.4267
   809.000    0.4054
   810.000    0.3898
   811.000    0.3790
   812.000    0.3726
   813.000    0.3704
   814.000    0.3723
   815.000    0.3785
   816.000    0.3893
   817.000    0.4053
   818.000    0.4274
   819.000    0.4568
   820.000    0.4952
   821.000    0.5450
   822.000    0.6092
   823.000    0.6918
   824.000    0.7975
   825.000    0.9311
   826.000    1.0954
   827.000    1.2856
   828.000    1.4820
   829.000    1.6436
   830.000    1.7187
   831.000    1.6784
   832.000    1.5412
   833.000    1.3568
   834.000    1.1711
   835.000    1.0091
   836.000    0.8785
   837.000    0.7781
   838.000    0.7037
   839.000    0.6510
   840.000    0.6164
   841.000    0.5974
   842.000    0.5924
   843.000    0.6011
   844.000    0.6239
   845.000    0.6621
   846.000    0.7182
   847.000    0.7957
   848.000    0.8990
   849.000    1.0325
   850.000    1.1983
   851.000    1.3910
   852.000    1.5895
   853.000    1.7529
   854.000    1.8323
   855.000    1.8026
   856.000    1.6837
   857.000    1.5251
   858.000    1.3722
   859.000    1.2515
   860.000    1.1734
   861.000    1.1402
   862.000    1.1521
   863.000    1.2091
   864.000    1.3103
   865.000    1.4502
   866.000    1.6108
   867.000    1.7548
   868.000    1.8310
   869.000    1.8015
   870.000    1.6714
   871.000    1.4831
   872.000    1.2842
   873.000    1.1052
   874.000    0.9577
   875.000    0.8424
   876.000    0.7555
   877.000    0.6928
   878.000    0.6503
   879.000    0.6255
   880.000    0.6170
   881.000    0.6243
   882.000    0.6484
   883.000    0.6910
   884.000    0.7553
   885.000    0.8454
   886.000    0.9654
   887.000    1.1172
   888.000    1.2954
   889.000    1.4786
   890.000    1.6250
   891.000    1.6833
   892.000    1.6268
   893.000    1.4757
   894.000    1.2793
   895.000    1.0821
   896.000    0.9080
   897.000    0.7640
   898.000    0.6483
   899.000    0.5565
   900.000    0.4835
   901.000    0.4252
   902.000    0.3783
   903.000    0.3401
   904.000    0.3089
   905.000    0.2830
   906.000    0.2615
   907.000    0.2434
   908.000    0.2282
   909.000    0.2153
   910.000    0.2043
   911.000    0.1949
   912.000    0.1869
   913.000    0.1801
   914.000    0.1743
   915.000    0.1694
   916.000    0.1653
   917.000    0.1619
   918.000    0.1592
   919.000    0.1572
   920.000    0.1556
   921.000    0.1546
   922.000    0.1542
   923.000    0.1542
   924.000    0.1548
   925.000    0.1558
   926.000    0.1574
   927.000    0.1594
   928.000    0.1621
   929.000    0.1653
   930.000    0.1692
   931.000    0.1737
   932.000    0.1790
   933.000    0.1851
   934.000    0.1922
   935.000    0.2002
   936.000    0.2095
   937.000    0.2201
   938.000    0.2323
   939.000    0.2463
   940.000    0.2625
   941.000    0.2812
   942.000    0.3031
   943.000    0.3286
   944.000    0.3586
   945.000    0.3943
   946.000    0.4370
   947.000    0.4885
   948.000    0.5512
   949.000    0.6281
   950.000    0.7234
   951.000    0.8419
   952.000    0.9890
   953.000    1.1692
   954.000    1.3826
   955.000    1.6183
   956.000    1.8485
   957.000    2.0318
   958.000    2.1348
   959.000    2.1577
   960.000    2.1363
   961.000    2.1213
   962.000    2.1561
   963.000    2.2679
   964.000    2.4656
   965.000    2.7361
   966.000    3.0337
   967.000    3.2743
   968.000    3.3585
   969.000    3.2314
   970.000    2.9238
   971.000    2.5248
   972.000    2.1206
   973.000    1.7608
   974.000    1.4615
   975.000    1.2204
   976.000    1.0284
   977.000    0.8757
   978.000    0.7535
   979.000    0.6550
   980.000    0.5749
   981.000    0.5090
   982.000    0.4544
   983.000    0.4087
   984.000    0.3701
   985.000    0.3372
   986.000    0.3090
   987.000    0.2847
   988.000    0.2636
   989.000    0.2452
   990.000    0.2290
   991.000    0.2148
   992.000    0.2022
   993.000    0.1909
   994.000    0.1810
   995.000    0.1720
   996.000    0.1640
   997.000    0.1568
   998.000    0.1503
   999.000    0.1445
  1000.000    0.1392
  1001.000    0.1344
  1002.000    0.1301
  1003.000    0.1262
  1004.000    0.1227
  1005.000    0.1195
  1006.000    0.1166
  1007.000    0.1140
  1008.000    0.1117
  1009.000    0.1097
  1010.000    0.1078
  1011.000    0.1062
  1012.000    0.1049
  1013.000    0.1037
  1014.000    0.1027
  1015.000    0.1019
  1016.000    0.1012
  1017.000    0.1008
  1018.000    0.1005
  1019.000    0.1004
  1020.000    0.1004
  1021.000    0.1007
  1022.000    0.1011
  1023.000    0.1017
  1024.000    0.1024
  1025.000    0.1034
  1026.000    0.1046
  1027.000    0.1060
  1028.000    0.1076
  1029.000    0.1094
  1030.000    0.1115
  1031.000    0.1138
  1032.000    0.1165
  1033.000    0.1195
  1034.000    0.1228
  1035.000    0.1265
  1036.000    0.1307
  1037.000    0.1353
  1038.000    0.1404
  1039.000    0.1462
  1040.000    0.1526
  1041.000    0.1598
  1042.000    0.1679
  1043.000    0.1770
  1044.000    0.1873
  1045.000    0.1990
  1046.000    0.2123
  1047.000    0.2275
  1048.000    0.2450
  1049.000    0.2653
  1050.000    0.2889
  1051.000    0.3166
  1052.000    0.3493
  1053.000    0.3884
  1054.000    0.4354
  1055.000    0.4925
  1056.000    0.5626
  1057.000    0.6494
  1058.000    0.7575
  1059.000    0.8927
  1060.000    1.0606
  1061.000    1.2648
  1062.000    1.5013
  1063.000    1.7505
  1064.000    1.9723
  1065.000    2.1194
  1066.000    2.1720
  1067.000    2.1586
  1068.000    2.1328
  1069.000    2.1340
  1070.000    2.1658
  1071.000    2.1953
  1072.000    2.1712
  1073.000    2.0593
  1074.000    1.8694
  1075.000    1.6436
  1076.000    1.4242
  1077.000    1.2359
  1078.000    1.0867
  1079.000    0.9756
  1080.000    0.8987
  1081.000    0.8519
  1082.000    0.8329
  1083.000    0.8408
  1084.000    0.8763
  1085.000    0.9418
  1086.000    1.0403
  1087.000    1.1732
  1088.000    1.3353
  1089.000    1.5080
  1090.000    1.6536
  1091.000    1.7238
  1092.000    1.6880
  1093.000    1.5561
  1094.000    1.3699
  1095.000    1.1737
  1096.000    0.9955
  1097.000    0.8463
  1098.000    0.7264
  1099.000    0.6320
  1100.000    0.5584
  1101.000    0.5014
  1102.000    0.4576
  1103.000    0.4245
  1104.000    0.4001
  1105.000    0.3831
  1106.000    0.3728
  1107.000    0.3687
  1108.000    0.3707
  1109.000    0.3789
  1110.000    0.3941
  1111.000    0.4173
  1112.000    0.4499
  1113.000    0.4942
  1114.000    0.5531
  1115.000    0.6304
  1116.000    0.7308
  1117.000    0.8591
  1118.000    1.0178
  1119.000    1.2025
  1120.000    1.3935
  1121.000    1.5496
  1122.000    1.6190
  1123.000    1.5720
  1124.000    1.4268
  1125.000    1.2332
  1126.000    1.0372
  1127.000    0.8635
  1128.000    0.7198
  1129.000    0.6045
  1130.000    0.5131
  1131.000    0.4405
  1132.000    0.3826
  1133.000    0.3360
  1134.000    0.2982
  1135.000    0.2671
  1136.000    0.2414
  1137.000    0.2200
  1138.000    0.2019
  1139.000    0.1865
  1140.000    0.1734
  1141.000    0.1621
  1142.000    0.1523
  1143.000    0.1438
  1144.000    0.1364
  1145.000    0.1299
  1146.000    0.1242
  1147.000    0.1192
  1148.000    0.1147
  1149.000    0.1108
  1150.000    0.1074
  1151.000    0.1043
  1152.000    0.1017
  1153.000    0.0994
  1154.000    0.0974
  1155.000    0.0957
  1156.000    0.0943
  1157.000    0.0931
  1158.000    0.0921
  1159.000    0.0914
  1160.000    0.0910
  1161.000    0.0907
  1162.000    0.0907
  1163.000    0.0910
  1164.000    0.0914
  1165.000    0.0921
  1166.000    0.0931
  1167.000    0.0943
  1168.000    0.0958
  1169.000    0.0977
  1170.000    0.0999
  1171.000    0.1024
  1172.000    0.1054
  1173.000    0.1089
  1174.000    0.1130
  1175.000    0.1176
  1176.000    0.1230
  1177.000    0.1292
  1178.000    0.1364
  1179.000    0.1448
  1180.000    0.1545
  1181.000    0.1659
  1182.000    0.1794
  1183.000    0.1953
  1184.000    0.2143
  1185.000    0.2372
  1186.000    0.2649
  1187.000    0.2987
  1188.000    0.3405
  1189.000    0.3926
  1190.000    0.4579
  1191.000    0.5404
  1192.000    0.6446
  1193.000    0.7749
  1194.000    0.9335
  1195.000    1.1153
  1196.000    1.3012
  1197.000    1.4546
  1198.000    1.5320
  1199.000    1.5085
  1200.000    1.3941
  1201.000    1.2249
  1202.000    1.0406
  1203.000    0.8691
  1204.000    0.7230
  1205.000    0.6042
  1206.000    0.5096
  1207.000    0.4347
  1208.000    0.3754
  1209.000    0.3281
  1210.000    0.2902
  1211.000    0.2594
  1212.000    0.2343
  1213.000    0.2136
  1214.000    0.1965
  1215.000    0.1823
  1216.000    0.1704
  1217.000    0.1604
  1218.000    0.1520
  1219.000    0.1450
  1220.000    0.1391
  1221.000    0.1342
  1222.000    0.1302
  1223.000    0.1269
  1224.000    0.1244
  1225.000    0.1224
  1226.000    0.1211
  1227.000    0.1202
  1228.000    0.1200
  1229.000    0.1202
  1230.000    0.1209
  1231.000    0.1222
  1232.000    0.1240
  1233.000    0.1264
  1234.000    0.1293
  1235.000    0.1330
  1236.000    0.1374
  1237.000    0.1426
  1238.000    0.1487
  1239.000    0.1559
  1240.000    0.1643
  1241.000    0.1743
  1242.000    0.1859
  1243.000    0.1997
  1244.000    0.2161
  1245.000    0.2357
  1246.000    0.2592
  1247.000    0.2876
  1248.000    0.3224
  1249.000    0.3652
  1250.000    0.4185
  1251.000    0.4854
  1252.000    0.5697
  1253.000    0.6763
  1254.000    0.8100
  1255.000    0.9737
  1256.000    1.1633
  1257.000    1.3600
  1258.000    1.5236
  1259.000    1.6024
  1260.000    1.5652
  1261.000    1.4284
  1262.000    1.2408
  1263.000    1.0490
  1264.000    0.8789
  1265.000    0.7386
  1266.000    0.6269
  1267.000    0.5393
  1268.000    0.4709
  1269.000    0.4176
  1270.000    0.3759
  1271.000    0.3433
  1272.000    0.3179
  1273.000    0.2983
  1274.000    0.2834
  1275.000    0.2724
  1276.000    0.2647
  1277.000    0.2600
  1278.000    0.2580
  1279.000    0.2585
  1280.000    0.2614
  1281.000    0.2668
  1282.000    0.2747
  1283.000    0.2854
  1284.000    0.2991
  1285.000    0.3162
  1286.000    0.3373
  1287.000    0.3631
  1288.000    0.3948
  1289.000    0.4334
  1290.000    0.4809
  1291.000    0.5394
  1292.000    0.6122
  1293.000    0.7030
  1294.000    0.8168
  1295.000    0.9592
  1296.000    1.1355
  1297.000    1.3471
  1298.000    1.5868
  1299.000    1.8320
  1300.000    2.0474
  1301.000    2.2021
  1302.000    2.2908
  1303.000    2.3343
  1304.000    2.3592
  1305.000    2.3740
  1306.000    2.3561
  1307.000    2.2662
  1308.000    2.0872
  1309.000    1.8443
  1310.000    1.5841
  1311.000    1.3436
  1312.000    1.1399
  1313.000    0.9752
  1314.000    0.8453
  1315.000    0.7442
  1316.000    0.6661
  1317.000    0.6064
  1318.000    0.5617
  1319.000    0.5293
  1320.000    0.5077
  1321.000    0.4956
  1322.000    0.4927
  1323.000    0.4990
  1324.000    0.5151
  1325.000    0.5422
  1326.000    0.5824
  1327.000    0.6384
  1328.000    0.7140
  1329.000    0.8137
  1330.000    0.9422
  1331.000    1.1017
  1332.000    1.2871
  1333.000    1.4776
  1334.000    1.6308
  1335.000    1.6949
  1336.000    1.6426
  1337.000    1.4948
  1338.000    1.3022
  1339.000    1.1097
  1340.000    0.9409
  1341.000    0.8026
  1342.000    0.6931
  1343.000    0.6077
  1344.000    0.5415
  1345.000    0.4906
  1346.000    0.4516
  1347.000    0.4222
  1348.000    0.4006
  1349.000    0.3856
  1350.000    0.3762
  1351.000    0.3719
  1352.000    0.3726
  1353.000    0.3780
  1354.000    0.3885
  1355.000    0.4045
  1356.000    0.4268
  1357.000    0.4566
  1358.000    0.4953
  1359.000    0.5450
  1360.000    0.6081
  1361.000    0.6869
  1362.000    0.7829
  1363.000    0.8946
  1364.000    1.0158
  1365.000    1.1365
  1366.000    1.2468
  1367.000    1.3385
  1368.000    1.4005
  1369.000    1.4207
  1370.000    1.3991
  1371.000    1.3543
  1372.000    1.3137
  1373.000    1.3001
  1374.000    1.3272
  1375.000    1.4026
  1376.000    1.5298
  1377.000    1.7086
  1378.000    1.9310
  1379.000    2.1762
  1380.000    2.4060
  1381.000    2.5701
  1382.000    2.6300
  1383.000    2.5908
  1384.000    2.5003
  1385.000    2.4129
  1386.000    2.3567
  1387.000    2.3235
  1388.000    2.2793
  1389.000    2.1924
  1390.000    2.0581
  1391.000    1.8964
  1392.000    1.7319
  1393.000    1.5806
  1394.000    1.4507
  1395.000    1.3473
  1396.000    1.2756
  1397.000    1.2386
  1398.000    1.2360
  1399.000    1.2652
  1400.000    1.3198
  1401.000    1.3860
  1402.000    1.4416
  1403.000    1.4621
  1404.000    1.4327
  1405.000    1.3572
  1406.000    1.2565
  1407.000    1.1562
  1408.000    1.0748
  1409.000    1.0184
  1410.000    0.9820
  1411.000    0.9532
  1412.000    0.9172
  1413.000    0.8632
  1414.000    0.7896
  1415.000    0.7036
  1416.000    0.6159
  1417.000    0.5351
  1418.000    0.4654
  1419.000    0.4074
  1420.000    0.3598
  1421.000    0.3209
  1422.000    0.2889
  1423.000    0.2624
  1424.000    0.2403
  1425.000    0.2216
  1426.000    0.2056
  1427.000    0.1919
  1428.000    0.1800
  1429.000    0.1697
  1430.000    0.1606
  1431.000    0.1526
  1432.000    0.1455
  1433.000    0.1392
  1434.000    0.1335
  1435.000    0.1284
  1436.000    0.1239
  1437.000    0.1198
  1438.000    0.1161
  1439.000    0.1127
  1440.000    0.1097
  1441.000    0.1070
  1442.000    0.1046
  1443.000    0.1024
  1444.000    0.1004
  1445.000    0.0986
  1446.000    0.0971
  1447.000    0.0957
  1448.000    0.0945
  1449.000    0.0934
  1450.000    0.0926
  1451.000    0.0918
  1452.000    0.0912
  1453.000    0.0908
  1454.000    0.0905
  1455.000    0.0903
  1456.000    0.0903
  1457.000    0.0904
  1458.000    0.0907
  1459.000    0.0911
  1460.000    0.0916
  1461.000    0.0923
  1462.000    0.0932
  1463.000    0.0942
  1464.000    0.0954
  1465.000    0.0968
  1466.000    0.0984
  1467.000    0.1002
  1468.000    0.1022
  1469.000    0.1044
  1470.000    0.1070
  1471.000    0.1098
  1472.000    0.1129
  1473.000    0.1165
  1474.000    0.1204
  1475.000    0.1248
  1476.000    0.1296
  1477.000    0.1351
  1478.000    0.1412
  1479.000    0.1481
  1480.000    0.1559
  1481.000    0.1647
  1482.000    0.1747
  1483.000    0.1862
  1484.000    0.1994
  1485.000    0.2146
  1486.000    0.2323
  1487.000    0.2531
  1488.000    0.2777
  1489.000    0.3070
  1490.000    0.3424
  1491.000    0.3854
  1492.000    0.4382
  1493.000    0.5036
  1494.000    0.5853
  1495.000    0.6875
  1496.000    0.8145
  1497.000    0.9687
  1498.000    1.1465
  1499.000    1.3323
  1500.000    1.4949
  1501.000    1.5973
  1502.000    1.6192
  1503.000    1.5680
  1504.000    1.4670
  1505.000    1.3412
  1506.000    1.2127
  1507.000    1.0997
  1508.000    1.0139
  1509.000    0.9611
  1510.000    0.9429
  1511.000    0.9601
  1512.000    1.0140
  1513.000    1.1062
  1514.000    1.2370
  1515.000    1.4000
  1516.000    1.5749
  1517.000    1.7209
  1518.000    1.7875
  1519.000    1.7442
  1520.000    1.6057
  1521.000    1.4186
  1522.000    1.2286
  1523.000    1.0619
  1524.000    0.9272
  1525.000    0.8239
  1526.000    0.7481
  1527.000    0.6954
  1528.000    0.6623
  1529.000    0.6464
  1530.000    0.6464
  1531.000    0.6621
  1532.000    0.6943
  1533.000    0.7451
  1534.000    0.8176
  1535.000    0.9163
  1536.000    1.0467
  1537.000    1.2140
  1538.000    1.4201
  1539.000    1.6567
  1540.000    1.8970
  1541.000    2.0939
  1542.000    2.1992
  1543.000    2.1983
  1544.000    2.1178
  1545.000    1.9980
  1546.000    1.8656
  1547.000    1.7287
  1548.000    1.5892
  1549.000    1.4559
  1550.000    1.3441
  1551.000    1.2661
  1552.000    1.2246
  1553.000    1.2117
  1554.000    1.2093
  1555.000    1.1951
  1556.000    1.1537
  1557.000    1.0831
  1558.000    0.9903
  1559.000    0.8855
  1560.000    0.7804
  1561.000    0.6845
  1562.000    0.6030
  1563.000    0.5366
  1564.000    0.4840
  1565.000    0.4431
  1566.000    0.4118
  1567.000    0.3885
  1568.000    0.3719
  1569.000    0.3612
  1570.000    0.3558
  1571.000    0.3555
  1572.000    0.3602
  1573.000    0.3704
  1574.000    0.3866
  1575.000    0.4099
  1576.000    0.4415
  1577.000    0.4835
  1578.000    0.5383
  1579.000    0.6087
  1580.000    0.6972
  1581.000    0.8045
  1582.000    0.9262
  1583.000    1.0500
  1584.000    1.1553
  1585.000    1.2235
  1586.000    1.2498
  1587.000    1.2466
  1588.000    1.2292
  1589.000    1.2012
  1590.000    1.1564
  1591.000    1.0925
  1592.000    1.0204
  1593.000    0.9564
  1594.000    0.9123
  1595.000    0.8915
  1596.000    0.8903
  1597.000    0.8998
  1598.000    0.9111
  1599.000    0.9215
  1600.000    0.9355
  1601.000    0.9577
  1602.000    0.9883
  1603.000    1.0240
  1604.000    1.0656
  1605.000    1.1216
  1606.000    1.2054
  1607.000    1.3278
  1608.000    1.4933
  1609.000    1.6940
  1610.000    1.9038
  1611.000    2.0778
  1612.000    2.1689
  1613.000    2.1558
  1614.000    2.0521
  1615.000    1.8900
  1616.000    1.7030
  1617.000    1.5214
  1618.000    1.3686
  1619.000    1.2570
  1620.000    1.1877
  1621.000    1.1519
  1622.000    1.1323
  1623.000    1.1076
  1624.000    1.0634
  1625.000    1.0003
  1626.000    0.9282
  1627.000    0.8533
  1628.000    0.7748
  1629.000    0.6912
  1630.000    0.6061
  1631.000    0.5257
  1632.000    0.4547
  1633.000    0.3948
  1634.000    0.3452
  1635.000    0.3045
  1636.000    0.2709
  1637.000    0.2431
  1638.000    0.2198
  1639.000    0.2001
  1640.000    0.1832
  1641.000    0.1688
  1642.000    0.1562
  1643.000    0.1452
  1644.000    0.1355
  1645.000    0.1269
  1646.000    0.1192
  1647.000    0.1123
  1648.000    0.1061
  1649.000    0.1005
  1650.000    0.0954
  1651.000    0.0907
  1652.000    0.0864
  1653.000    0.0825
  1654.000    0.0789
  1655.000    0.0756
  1656.000    0.0725
  1657.000    0.0696
  1658.000    0.0669
  1659.000    0.0644
  1660.000    0.0621
  1661.000    0.0599
  1662.000    0.0579
  1663.000    0.0559
  1664.000    0.0541
  1665.000    0.0524
  1666.000    0.0508
  1667.000    0.0493
  1668.000    0.0478
  1669.000    0.0464
  1670.000    0.0451
  1671.000    0.0439
  1672.000    0.0427
  1673.000    0.0416
  1674.000    0.0405
  1675.000    0.0395
  1676.000    0.0385
  1677.000    0.0376
  1678.000    0.0367
  1679.000    0.0359
  1680.000    0.0350
  1681.000    0.0342
  1682.000    0.0335
  1683.000    0.0328
  1684.000    0.0321
  1685.000    0.0314
  1686.000    0.0308
  1687.000    0.0301
  1688.000    0.0295
  1689.000    0.0290
  1690.000    0.0284
  1691.000    0.0279
  1692.000    0.0273
  1693.000    0.0268
  1694.000    0.0264
  1695.000    0.0259
  1696.000    0.0254
  1697.000    0.0250
  1698.000    0.0246
  1699.000    0.0241
  1700.000    0.0237
  1701.000    0.0234
  1702.000    0.0230
  1703.000    0.0226
  1704.000    0.0223
  1705.000    0.0219
  1706.000    0.0216
  1707.000    0.0212
  1708.000    0.0209
  1709.000    0.0206
  1710.000    0.0203
  1711.000    0.0200
  1712.000    0.0197
  1713.000    0.0195
  1714.000    0.0192
  1715.000    0.0189
  1716.000    0.0187
  1717.000    0.0184
  1718.000    0.0182
  1719.000    0.0179
  1720.000    0.0177
  1721.000    0.0175
  1722.000    0.0173
  1723.000    0.0170
  1724.000    0.0168
  1725.000    0.0166
  1726.000    0.0164
  1727.000    0.0162
  1728.000    0.0160
  1729.000    0.0158
  1730.000    0.0156
  1731.000    0.0155
  1732.000    0.0153
  1733.000    0.0151
  1734.000    0.0149
  1735.000    0.0148
  1736.000    0.0146
  1737.000    0.0145
  1738.000    0.0143
  1739.000    0.0141
  1740.000    0.0140
  1741.000    0.0138
  1742.000    0.0137
  1743.000    0.0136
  1744.000    0.0134
  1745.000    0.0133
  1746.000    0.0131
  1747.000    0.0130
  1748.000    0.0129
  1749.000    0.0128
  1750.000    0.0126
  1751.000    0.0125
  1752.000    0.0124
  1753.000    0.0123
  1754.000    0.0122
  1755.000    0.0120
  1756.000    0.0119
  1757.000    0.0118
  1758.000    0.0117
  1759.000    0.0116
  1760.000    0.0115
  1761.000    0.0114
  1762.000    0.0113
  1763.000    0.0112
  1764.000    0.0111
  1765.000    0.0110
  1766.000    0.0109
  1767.000    0.0108
  1768.000    0.0107
  1769.000    0.0106
  1770.000    0.0105
  1771.000    0.0105
  1772.000    0.0104
  1773.000    0.0103
  1774.000    0.0102
  1775.000    0.0101
  1776.000    0.0100
  1777.000    0.0100
  1778.000    0.0099
  1779.000    0.0098
  1780.000    0.0097
  1781.000    0.0096
  1782.000    0.0096
  1783.000    0.0095
  1784.000    0.0094
  1785.000    0.0094
  1786.000    0.0093
  1787.000    0.0092
  1788.000    0.0091
  1789.000    0.0091
  1790.000    0.0090
  1791.000    0.0089
  1792.000    0.0089
  1793.000    0.0088
  1794.000    0.0088
  1795.000    0.0087
  1796.000    0.0086
  1797.000    0.0086
  1798.000    0.0085
  1799.000    0.0085
  1800.000    0.0084
  1801.000    0.0083
  1802.000    0.0083
  1803.000    0.0082
  1804.000    0.0082
  1805.000    0.0081
  1806.000    0.0081
  1807.000    0.0080
  1808.000    0.0080
  1809.000    0.0079
  1810.000    0.0078
  1811.000    0.0078
  1812.000    0.0077
  1813.000    0.0077
  1814.000    0.0077
  1815.000    0.0076
  1816.000    0.0076
  1817.000    0.0075
  1818.000    0.0075
  1819.000    0.0074
  1820.000    0.0074
  1821.000    0.0073
  1822.000    0.0073
  1823.000    0.0072
  1824.000    0.0072
  1825.000    0.0071
  1826.000    0.0071
  1827.000    0.0071
  1828.000    0.0070
  1829.000    0.0070
  1830.000    0.0069
  1831.000    0.0069
  1832.000    0.0069
  1833.000    0.0068
  1834.000    0.0068
  1835.000    0.0067
  1836.000    0.0067
  1837.000    0.0067
  1838.000    0.0066
  1839.000    0.0066
  1840.000    0.0066
  1841.000    0.0065
  1842.000    0.0065
  1843.000    0.0064
  1844.000    0.0064
  1845.000    0.0064
  1846.000    0.0063
  1847.000    0.0063
  1848.000    0.0063
  1849.000    0.0062
  1850.000    0.0062
  1851.000    0.0062
  1852.000    0.0061
  1853.000    0.0061
  1854.000    0.0061
  1855.000    0.0060
  1856.000    0.0060
  1857.000    0.0060
  1858.000    0.0060
  1859.000    0.0059
  1860.000    0.0059
  1861.000    0.0059
  1862.000    0.0058
  1863.000    0.0058
  1864.000    0.0058
  1865.000    0.0057
  1866.000    0.0057
  1867.000    0.0057
  1868.000    0.0057
  1869.000    0.0056
  1870.000    0.0056
  1871.000    0.0056
  1872.000    0.0056
  1873.000    0.0055
  1874.000    0.0055
  1875.000    0.0055
  1876.000    0.0055
  1877.000    0.0054
  1878.000    0.0054
  1879.000    0.0054
  1880.000    0.0054
  1881.000    0.0053
  1882.000    0.0053
  1883.000    0.0053
  1884.000    0.0053
  1885.000    0.0052
  1886.000    0.0052
  1887.000    0.0052
  1888.000    0.0052
  1889.000    0.0051
  1890.000    0.0051
  1891.000    0.0051
  1892.000    0.0051
  1893.000    0.0050
  1894.000    0.0050
  1895.000    0.0050
  1896.000    0.0050
  1897.000    0.0050
  1898.000    0.0049
  1899.000    0.0049
  1900.000    0.0049
  1901.000    0.0049
  1902.000    0.0049
  1903.000    0.0048
  1904.000    0.0048
  1905.000    0.0048
  1906.000    0.0048
  1907.000    0.0048
  1908.000    0.0047
  1909.000    0.0047
  1910.000    0.0047
  1911.000    0.0047
  1912.000    0.0047
  1913.000    0.0046
  1914.000    0.0046
  1915.000    0.0046
  1916.000    0.0046
  1917.000    0.0046
  1918.000    0.0045
  1919.000    0.0045
  1920.000    0.0045
  1921.000    0.0045
  1922.000    0.0045
  1923.000    0.0045
  1924.000    0.0044
  1925.000    0.0044
  1926.000    0.0044
  1927.000    0.0044
  1928.000    0.0044
  1929.000    0.0044
  1930.000    0.0043
  1931.000    0.0043
  1932.000    0.0043
  1933.000    0.0043
  1934.000    0.0043
  1935.000    0.0043
  1936.000    0.0042
  1937.000    0.0042
  1938.000    0.0042
  1939.000    0.0042
  1940.000    0.0042
  1941.000    0.0042
  1942.000    0.0041
  1943.000    0.0041
  1944.000    0.0041
  1945.000    0.0041
  1946.000    0.0041
  1947.000    0.0041
  1948.000    0.0041
  1949.000    0.0040
  1950.000    0.0040
  1951.000    0.0040
  1952.000    0.0040
  1953.000    0.0040
  1954.000    0.0040
  1955.000    0.0040
  1956.000    0.0039
  1957.000    0.0039
  1958.000    0.0039
  1959.000    0.0039
  1960.000    0.0039
  1961.000    0.0039
  1962.000    0.0039
  1963.000    0.0038
  1964.000    0.0038
  1965.000    0.0038
  1966.000    0.0038
  1967.000    0.0038
  1968.000    0.0038
  1969.000    0.0038
  1970.000    0.0038
  1971.000    0.0037
  1972.000    0.0037
  1973.000    0.0037
  1974.000    0.0037
  1975.000    0.0037
  1976.000    0.0037
  1977.000    0.0037
  1978.000    0.0037
  1979.000    0.0036
  1980.000    0.0036
  1981.000    0.0036
  1982.000    0.0036
  1983.000    0.0036
  1984.000    0.0036
  1985.000    0.0036
  1986.000    0.0036
  1987.000    0.0036
  1988.000    0.0035
  1989.000    0.0035
  1990.000    0.0035
  1991.000    0.0035
  1992.000    0.0035
  1993.000    0.0035
  1994.000    0.0035
  1995.000    0.0035
  1996.000    0.0035
  1997.000    0.0034
  1998.000    0.0034
  1999.000    0.0034
  2000.000    0.0034
  2001.000    0.0034
  2002.000    0.0034
  2003.000    0.0034
  2004.000    0.0034
  2005.000    0.0034
  2006.000    0.0034
  2007.000    0.0033
  2008.000    0.0033
  2009.000    0.0033
  2010.000    0.0033
  2011.000    0.0033
  2012.000    0.0033
  2013.000    0.0033
  2014.000    0.0033
  2015.000    0.0033
  2016.000    0.0033
  2017.000    0.0032
  2018.000    0.0032
  2019.000    0.0032
  2020.000    0.0032
  2021.000    0.0032
  2022.000    0.0032
  2023.000    0.0032
  2024.000    0.0032
  2025.000    0.0032
  2026.000    0.0032
  2027.000    0.0032
  2028.000    0.0031
  2029.000    0.0031
  2030.000    0.0031
  2031.000    0.0031
  2032.000    0.0031
  2033.000    0.0031
  2034.000    0.0031
  2035.000    0.0031
  2036.000    0.0031
  2037.000    0.0031
  2038.000    0.0031
  2039.000    0.0031
  2040.000    0.0030
  2041.000    0.0030
  2042.000    0.0030
  2043.000    0.0030
  2044.000    0.0030
  2045.000    0.0030
  2046.000    0.0030
  2047.000    0.0030
  2048.000    0.0030
  2049.000    0.0030
  2050.000    0.0030
  2051.000    0.0030
  2052.000    0.0029
  2053.000    0.0029
  2054.000    0.0029
  2055.000    0.0029
  2056.000    0.0029
  2057.000    0.0029
  2058.000    0.0029
  2059.000    0.0029
  2060.000    0.0029
  2061.000    0.0029
  2062.000    0.0029
  2063.000    0.0029
  2064.000    0.0029
  2065.000    0.0029
  2066.000    0.0028
  2067.000    0.0028
  2068.000    0.0028
  2069.000    0.0028
  2070.000    0.0028
  2071.000    0.0028
  2072.000    0.0028
  2073.000    0.0028
  2074.000    0.0028
  2075.000    0.0028
  2076.000    0.0028
  2077.000    0.0028
  2078.000    0.0028
  2079.000    0.0028
  2080.000    0.0028
  2081.000    0.0027
  2082.000    0.0027
  2083.000    0.0027
  2084.000    0.0027
  2085.000    0.0027
  2086.000    0.0027
  2087.000    0.0027
  2088.000    0.0027
  2089.000    0.0027
  2090.000    0.0027
  2091.000    0.0027
  2092.000    0.0027
  2093.000    0.0027
  2094.000    0.0027
  2095.000    0.0027
  2096.000    0.0026
  2097.000    0.0026
  2098.000    0.0026
  2099.000    0.0026
  2100.000    0.0026
  2101.000    0.0026
  2102.000    0.0026
  2103.000    0.0026
  2104.000    0.0026
  2105.000    0.0026
  2106.000    0.0026
  2107.000    0.0026
  2108.000    0.0026
  2109.000    0.0026
  2110.000    0.0026
  2111.000    0.0026
  2112.000    0.0026
  2113.000    0.0026
  2114.000    0.0025
  2115.000    0.0025
  2116.000    0.0025
  2117.000    0.0025
  2118.000    0.0025
  2119.000    0.0025
  2120.000    0.0025
  2121.000    0.0025
  2122.000    0.0025
  2123.000    0.0025
  2124.000    0.0025
  2125.000    0.0025
  2126.000    0.0025
  2127.000    0.0025
  2128.000    0.0025
  2129.000    0.0025
  2130.000    0.0025
  2131.000    0.0025
  2132.000    0.0025
  2133.000    0.0024
  2134.000    0.0024
  2135.000    0.0024
  2136.000    0.0024
  2137.000    0.0024
  2138.000    0.0024
  2139.000    0.0024
  2140.000    0.0024
  2141.000    0.0024
  2142.000    0.0024
  2143.000    0.0024
  2144.000    0.0024
  2145.000    0.0024
  2146.000    0.0024
  2147.000    0.0024
  2148.000    0.0024
  2149.000    0.0024
  2150.000    0.0024
  2151.000    0.0024
  2152.000    0.0024
  2153.000    0.0024
  2154.000    0.0023
  2155.000    0.0023
  2156.000    0.0023
  2157.000    0.0023
  2158.000    0.0023
  2159.000    0.0023
  2160.000    0.0023
  2161.000    0.0023
  2162.000    0.0023
  2163.000    0.0023
  2164.000    0.0023
  2165.000    0.0023
  2166.000    0.0023
  2167.000    0.0023
  2168.000    0.0023
  2169.000    0.0023
  2170.000    0.0023
  2171.000    0.0023
  2172.000    0.0023
  2173.000    0.0023
  2174.000    0.0023
  2175.000    0.0023
  2176.000    0.0023
  2177.000    0.0022
  2178.000    0.0022
  2179.000    0.0022
  2180.000    0.0022
  2181.000    0.0022
  2182.000    0.0022
  2183.000    0.0022
  2184.000    0.0022
  2185.000    0.0022
  2186.000    0.0022
  2187.000    0.0022
  2188.000    0.0022
  2189.000    0.0022
  2190.000    0.0022
  2191.000    0.0022
  2192.000    0.0022
  2193.000    0.0022
  2194.000    0.0022
  2195.000    0.0022
  2196.000    0.0022
  2197.000    0.0022
  2198.000    0.0022
  2199.000    0.0022
  2200.000    0.0022
  2201.000    0.0022
  2202.000    0.0022
  2203.000    0.0022
  2204.000    0.0021
  2205.000    0.0021
  2206.000    0.0021
  2207.000    0.0021
  2208.000    0.0021
  2209.000    0.0021
  2210.000    0.0021
  2211.000    0.0021
  2212.000    0.0021
  2213.000    0.0021
  2214.000    0.0021
  2215.000    0.0021
  2216.000    0.0021
  2217.000    0.0021
  2218.000    0.0021
  2219.000    0.0021
  2220.000    0.0021
  2221.000    0.0021
  2222.000    0.0021
  2223.000    0.0021
  2224.000    0.0021
  2225.000    0.0021
  2226.000    0.0021
  2227.000    0.0021
  2228.000    0.0021
  2229.000    0.0021
  2230.000    0.0021
  2231.000    0.0021
  2232.000    0.0021
  2233.000    0.0021
  2234.000    0.0021
  2235.000    0.0020
  2236.000    0.0020
  2237.000    0.0020
  2238.000    0.0020
  2239.000    0.0020
  2240.000    0.0020
  2241.000    0.0020
  2242.000    0.0020
  2243.000    0.0020
  2244.000    0.0020
  2245.000    0.0020
  2246.000    0.0020
  2247.000    0.0020
  2248.000    0.0020
  2249.000    0.0020
  2250.000    0.0020
  2251.000    0.0020
  2252.000    0.0020
  2253.000    0.0020
  2254.000    0.0020
  2255.000    0.0020
  2256.000    0.0020
  2257.000    0.0020
  2258.000    0.0020
  2259.000    0.0020
  2260.000    0.0020
  2261.000    0.0020
  2262.000    0.0020
  2263.000    0.0020
  2264.000    0.0020
  2265.000    0.0020
  2266.000    0.0020
  2267.000    0.0020
  2268.000    0.0020
  2269.000    0.0020
  2270.000    0.0020
  2271.000    0.0020
  2272.000    0.0019
  2273.000    0.0019
  2274.000    0.0019
  2275.000    0.0019
  2276.000    0.0019
  2277.000    0.0019
  2278.000    0.0019
  2279.000    0.0019
  2280.000    0.0019
  2281.000    0.0019
  2282.000    0.0019
  2283.000    0.0019
  2284.000    0.0019
  2285.000    0.0019
  2286.000    0.0019
  2287.000    0.0019
  2288.000    0.0019
  2289.000    0.0019
  2290.000    0.0019
  2291.000    0.0019
  2292.000    0.0019
  2293.000    0.0019
  2294.000    0.0019
  2295.000    0.0019
  2296.000    0.0019
  2297.000    0.0019
  2298.000    0.0019
  2299.000    0.0019
  2300.000    0.0019
  2301.000    0.0019
  2302.000    0.0019
  2303.000    0.0019
  2304.000    0.0019
  2305.000    0.0019
  2306.000    0.0019
  2307.000    0.0019
  2308.000    0.0019
  2309.000    0.0019
  2310.000    0.0019
  2311.000    0.0019
  2312.000    0.0019
  2313.000    0.0019
  2314.000    0.0019
  2315.000    0.0019
  2316.000    0.0019
  2317.000    0.0019
  2318.000    0.0019
  2319.000    0.0018
  2320.000    0.0018
  2321.000    0.0018
  2322.000    0.0018
  2323.000    0.0018
  2324.000    0.0018
  2325.000    0.0018
  2326.000    0.0018
  2327.000    0.0018
  2328.000    0.0018
  2329.000    0.0018
  2330.000    0.0018
  2331.000    0.0018
  2332.000    0.0018
  2333.000    0.0018
  2334.000    0.0018
  2335.000    0.0018
  2336.000    0.0018
  2337.000    0.0018
  2338.000    0.0018
  2339.000    0.0018
  2340.000    0.0018
  2341.000    0.0018
  2342.000    0.0018
  2343.000    0.0018
  2344.000    0.0018
  2345.000    0.0018
  2346.000    0.0018
  2347.000    0.0018
  2348.000    0.0018
  2349.000    0.0018
  2350.000    0.0018
  2351.000    0.0018
  2352.000    0.0018
  2353.000    0.0018
  2354.000    0.0018
  2355.000    0.0018
  2356.000    0.0018
  2357.000    0.0018
  2358.000    0.0018
  2359.000    0.0018
  2360.000    0.0018
  2361.000    0.0018
  2362.000    0.0018
  2363.000    0.0018
  2364.000    0.0018
  2365.000    0.0018
  2366.000    0.0018
  2367.000    0.0018
  2368.000    0.0018
  2369.000    0.0018
  2370.000    0.0018
  2371.000    0.0018
  2372.000    0.0018
  2373.000    0.0018
  2374.000    0.0018
  2375.000    0.0018
  2376.000    0.0018
  2377.000    0.0018
  2378.000    0.0018
  2379.000    0.0018
  2380.000    0.0018
  2381.000    0.0018
  2382.000    0.0018
  2383.000    0.0018
  2384.000    0.0018
  2385.000    0.0018
  2386.000    0.0018
  2387.000    0.0018
  2388.000    0.0018
  2389.000    0.0018
  2390.000    0.0018
  2391.000    0.0018
  2392.000    0.0018
  2393.000    0.0018
  2394.000    0.0017
  2395.000    0.0017
  2396.000    0.0017
  2397.000    0.0017
  2398.000    0.0017
  2399.000    0.0017
  2400.000    0.0017
  2401.000    0.0017
  2402.000    0.0017
  2403.000    0.0017
  2404.000    0.0017
  2405.000    0.0017
  2406.000    0.0017
  2407.000    0.0017
  2408.000    0.0017
  2409.000    0.0017
  2410.000    0.0017
  2411.000    0.0017
  2412.000    0.0017
  2413.000    0.0017
  2414.000    0.0017
  2415.000    0.0017
  2416.000    0.0017
  2417.000    0.0017
  2418.000    0.0017
  2419.000    0.0017
  2420.000    0.0017
  2421.000    0.0017
  2422.000    0.0017
  2423.000    0.0017
  2424.000    0.0017
  2425.000    0.0017
  2426.000    0.0017
  2427.000    0.0017
  2428.000    0.0017
  2429.000    0.0017
  2430.000    0.0017
  2431.000    0.0017
  2432.000    0.0017
  2433.000    0.0017
  2434.000    0.0017
  2435.000    0.0017
  2436.000    0.0017
  2437.000    0.0017
  2438.000    0.0017
  2439.000    0.0017
  2440.000    0.0017
  2441.000    0.0017
  2442.000    0.0017
  2443.000    0.0017
  2444.000    0.0017
  2445.000    0.0017
  2446.000    0.0017
  2447.000    0.0017
  2448.000    0.0017
  2449.000    0.0017
  2450.000    0.0017
  2451.000    0.0017
  2452.000    0.0017
  2453.000    0.0017
  2454.000    0.0017
  2455.000    0.0017
  2456.000    0.0017
  2457.000    0.0017
  2458.000    0.0017
  2459.000    0.0017
  2460.000    0.0017
  2461.000    0.0017
  2462.000    0.0017
  2463.000    0.0017
  2464.000    0.0017
  2465.000    0.0017
  2466.000    0.0017
  2467.000    0.0017
  2468.000    0.0017
  2469.000    0.0017
  2470.000    0.0017
  2471.000    0.0017
  2472.000    0.0017
  2473.000    0.0017
  2474.000    0.0017
  2475.000    0.0017
  2476.000    0.0017
  2477.000    0.0017
  2478.000    0.0017
  2479.000    0.0017
  2480.000    0.0017
  2481.000    0.0017
  2482.000    0.0017
  2483.000    0.0017
  2484.000    0.0017
  2485.000    0.0017
  2486.000    0.0017
  2487.000    0.0017
  2488.000    0.0017
  2489.000    0.0017
  2490.000    0.0017
  2491.000    0.0017
  2492.000    0.0017
  2493.000    0.0017
  2494.000    0.0017
  2495.000    0.0017
  2496.000    0.0017
  2497.000    0.0017
  2498.000    0.0017
  2499.000    0.0017
  2500.000    0.0017
  2501.000    0.0017
  2502.000    0.0017
  2503.000    0.0017
  2504.000    0.0017
  2505.000    0.0017
  2506.000    0.0017
  2507.000    0.0017
  2508.000    0.0017
  2509.000    0.0017
  2510.000    0.0017
  2511.000    0.0017
  2512.000    0.0017
  2513.000    0.0017
  2514.000    0.0017
  2515.000    0.0017
  2516.000    0.0017
  2517.000    0.0017
  2518.000    0.0017
  2519.000    0.0017
  2520.000    0.0017
  2521.000    0.0017
  2522.000    0.0017
  2523.000    0.0017
  2524.000    0.0017
  2525.000    0.0017
  2526.000    0.0017
  2527.000    0.0017
  2528.000    0.0017
  2529.000    0.0018
  2530.000    0.0018
  2531.000    0.0018
  2532.000    0.0018
  2533.000    0.0018
  2534.000    0.0018
  2535.000    0.0018
  2536.000    0.0018
  2537.000    0.0018
  2538.000    0.0018
  2539.000    0.0018
  2540.000    0.0018
  2541.000    0.0018
  2542.000    0.0018
  2543.000    0.0018
  2544.000    0.0018
  2545.000    0.0018
  2546.000    0.0018
  2547.000    0.0018
  2548.000    0.0018
  2549.000    0.0018
  2550.000    0.0018
  2551.000    0.0018
  2552.000    0.0018
  2553.000    0.0018
  2554.000    0.0018
  2555.000    0.0018
  2556.000    0.0018
  2557.000    0.0018
  2558.000    0.0018
  2559.000    0.0018
  2560.000    0.0018
  2561.000    0.0018
  2562.000    0.0018
  2563.000    0.0018
  2564.000    0.0018
  2565.000    0.0018
  2566.000    0.0018
  2567.000    0.0018
  2568.000    0.0018
  2569.000    0.0018
  2570.000    0.0018
  2571.000    0.0018
  2572.000    0.0018
  2573.000    0.0018
  2574.000    0.0018
  2575.000    0.0018
  2576.000    0.0018
  2577.000    0.0018
  2578.000    0.0018
  2579.000    0.0018
  2580.000    0.0018
  2581.000    0.0018
  2582.000    0.0018
  2583.000    0.0018
  2584.000    0.0018
  2585.000    0.0018
  2586.000    0.0018
  2587.000    0.0018
  2588.000    0.0018
  2589.000    0.0018
  2590.000    0.0018
  2591.000    0.0019
  2592.000    0.0019
  2593.000    0.0019
  2594.000    0.0019
  2595.000    0.0019
  2596.000    0.0019
  2597.000    0.0019
  2598.000    0.0019
  2599.000    0.0019
  2600.000    0.0019
  2601.000    0.0019
  2602.000    0.0019
  2603.000    0.0019
  2604.000    0.0019
  2605.000    0.0019
  2606.000    0.0019
  2607.000    0.0019
  2608.000    0.0019
  2609.000    0.0019
  2610.000    0.0019
  2611.000    0.0019
  2612.000    0.0019
  2613.000    0.0019
  2614.000    0.0019
  2615.000    0.0019
  2616.000    0.0019
  2617.000    0.0019
  2618.000    0.0019
  2619.000    0.0019
  2620.000    0.0019
  2621.000    0.0019
  2622.000    0.0019
  2623.000    0.0019
  2624.000    0.0019
  2625.000    0.0019
  2626.000    0.0019
  2627.000    0.0020
  2628.000    0.0020
  2629.000    0.0020
  2630.000    0.0020
  2631.000    0.0020
  2632.000    0.0020
  2633.000    0.0020
  2634.000    0.0020
  2635.000    0.0020
  2636.000    0.0020
  2637.000    0.0020
  2638.000    0.0020
  2639.000    0.0020
  2640.000    0.0020
  2641.000    0.0020
  2642.000    0.0020
  2643.000    0.0020
  2644.000    0.0020
  2645.000    0.0020
  2646.000    0.0020
  2647.000    0.0020
  2648.000    0.0020
  2649.000    0.0020
  2650.000    0.0020
  2651.000    0.0020
  2652.000    0.0020
  2653.000    0.0020
  2654.000    0.0021
  2655.000    0.0021
  2656.000    0.0021
  2657.000    0.0021
  2658.000    0.0021
  2659.000    0.0021
  2660.000    0.0021
  2661.000    0.0021
  2662.000    0.0021
  2663.000    0.0021
  2664.000    0.0021
  2665.000    0.0021
  2666.000    0.0021
  2667.000    0.0021
  2668.000    0.0021
  2669.000    0.0021
  2670.000    0.0021
  2671.000    0.0021
  2672.000    0.0021
  2673.000    0.0021
  2674.000    0.0021
  2675.000    0.0022
  2676.000    0.0022
  2677.000    0.0022
  2678.000    0.0022
  2679.000    0.0022
  2680.000    0.0022
  2681.000    0.0022
  2682.000    0.0022
  2683.000    0.0022
  2684.000    0.0022
  2685.000    0.0022
  2686.000    0.0022
  2687.000    0.0022
  2688.000    0.0022
  2689.000    0.0022
  2690.000    0.0022
  2691.000    0.0022
  2692.000    0.0023
  2693.000    0.0023
  2694.000    0.0023
  2695.000    0.0023
  2696.000    0.0023
  2697.000    0.0023
  2698.000    0.0023
  2699.000    0.0023
  2700.000    0.0023
  2701.000    0.0023
  2702.000    0.0023
  2703.000    0.0023
  2704.000    0.0023
  2705.000    0.0023
  2706.000    0.0023
  2707.000    0.0024
  2708.000    0.0024
  2709.000    0.0024
  2710.000    0.0024
  2711.000    0.0024
  2712.000    0.0024
  2713.000    0.0024
  2714.000    0.0024
  2715.000    0.0024
  2716.000    0.0024
  2717.000    0.0024
  2718.000    0.0024
  2719.000    0.0024
  2720.000    0.0024
  2721.000    0.0025
  2722.000    0.0025
  2723.000    0.0025
  2724.000    0.0025
  2725.000    0.0025
  2726.000    0.0025
  2727.000    0.0025
  2728.000    0.0025
  2729.000    0.0025
  2730.000    0.0025
  2731.000    0.0025
  2732.000    0.0026
  2733.000    0.0026
  2734.000    0.0026
  2735.000    0.0026
  2736.000    0.0026
  2737.000    0.0026
  2738.000    0.0026
  2739.000    0.0026
  2740.000    0.0026
  2741.000    0.0026
  2742.000    0.0026
  2743.000    0.0027
  2744.000    0.0027
  2745.000    0.0027
  2746.000    0.0027
  2747.000    0.0027
  2748.000    0.0027
  2749.000    0.0027
  2750.000    0.0027
  2751.000    0.0027
  2752.000    0.0028
  2753.000    0.0028
  2754.000    0.0028
  2755.000    0.0028
  2756.000    0.0028
  2757.000    0.0028
  2758.000    0.0028
  2759.000    0.0028
  2760.000    0.0028
  2761.000    0.0029
  2762.000    0.0029
  2763.000    0.0029
  2764.000    0.0029
  2765.000    0.0029
  2766.000    0.0029
  2767.000    0.0029
  2768.000    0.0029
  2769.000    0.0030
  2770.000    0.0030
  2771.000    0.0030
  2772.000    0.0030
  2773.000    0.0030
  2774.000    0.0030
  2775.000    0.0030
  2776.000    0.0031
  2777.000    0.0031
  2778.000    0.0031
  2779.000    0.0031
  2780.000    0.0031
  2781.000    0.0031
  2782.000    0.0031
  2783.000    0.0032
  2784.000    0.0032
  2785.000    0.0032
  2786.000    0.0032
  2787.000    0.0032
  2788.000    0.0032
  2789.000    0.0032
  2790.000    0.0033
  2791.000    0.0033
  2792.000    0.0033
  2793.000    0.0033
  2794.000    0.0033
  2795.000    0.0033
  2796.000    0.0034
  2797.000    0.0034
  2798.000    0.0034
  2799.000    0.0034
  2800.000    0.0034
  2801.000    0.0035
  2802.000    0.0035
  2803.000    0.0035
  2804.000    0.0035
  2805.000    0.0035
  2806.000    0.0036
  2807.000    0.0036
  2808.000    0.0036
  2809.000    0.0036
  2810.000    0.0036
  2811.000    0.0037
  2812.000    0.0037
  2813.000    0.0037
  2814.000    0.0037
  2815.000    0.0037
  2816.000    0.0038
  2817.000    0.0038
  2818.000    0.0038
  2819.000    0.0038
  2820.000    0.0039
  2821.000    0.0039
  2822.000    0.0039
  2823.000    0.0039
  2824.000    0.0039
  2825.000    0.0040
  2826.000    0.0040
  2827.000    0.0040
  2828.000    0.0040
  2829.000    0.0041
  2830.000    0.0041
  2831.000    0.0041
  2832.000    0.0042
  2833.000    0.0042
  2834.000    0.0042
  2835.000    0.0042
  2836.000    0.0043
  2837.000    0.0043
  2838.000    0.0043
  2839.000    0.0044
  2840.000    0.0044
  2841.000    0.0044
  2842.000    0.0044
  2843.000    0.0045
  2844.000    0.0045
  2845.000    0.0045
  2846.000    0.0046
  2847.000    0.0046
  2848.000    0.0046
  2849.000    0.0047
  2850.000    0.0047
  2851.000    0.0047
  2852.000    0.0048
  2853.000    0.0048
  2854.000    0.0048
  2855.000    0.0049
  2856.000    0.0049
  2857.000    0.0050
  2858.000    0.0050
  2859.000    0.0050
  2860.000    0.0051
  2861.000    0.0051
  2862.000    0.0052
  2863.000    0.0052
  2864.000    0.0052
  2865.000    0.0053
  2866.000    0.0053
  2867.000    0.0054
  2868.000    0.0054
  2869.000    0.0055
  2870.000    0.0055
  2871.000    0.0055
  2872.000    0.0056
  2873.000    0.0056
  2874.000    0.0057
  2875.000    0.0057
  2876.000    0.0058
  2877.000    0.0058
  2878.000    0.0059
  2879.000    0.0059
  2880.000    0.0060
  2881.000    0.0060
  2882.000    0.0061
  2883.000    0.0062
  2884.000    0.0062
  2885.000    0.0063
  2886.000    0.0063
  2887.000    0.0064
  2888.000    0.0064
  2889.000    0.0065
  2890.000    0.0066
  2891.000    0.0066
  2892.000    0.0067
  2893.000    0.0068
  2894.000    0.0068
  2895.000    0.0069
  2896.000    0.0070
  2897.000    0.0070
  2898.000    0.0071
  2899.000    0.0072
  2900.000    0.0073
  2901.000    0.0073
  2902.000    0.0074
  2903.000    0.0075
  2904.000    0.0076
  2905.000    0.0077
  2906.000    0.0077
  2907.000    0.0078
  2908.000    0.0079
  2909.000    0.0080
  2910.000    0.0081
  2911.000    0.0082
  2912.000    0.0083
  2913.000    0.0084
  2914.000    0.0085
  2915.000    0.0086
  2916.000    0.0087
  2917.000    0.0088
  2918.000    0.0089
  2919.000    0.0090
  2920.000    0.0091
  2921.000    0.0092
  2922.000    0.0093
  2923.000    0.0094
  2924.000    0.0095
  2925.000    0.0097
  2926.000    0.0098
  2927.000    0.0099
  2928.000    0.0100
  2929.000    0.0102
  2930.000    0.0103
  2931.000    0.0104
  2932.000    0.0106
  2933.000    0.0107
  2934.000    0.0109
  2935.000    0.0110
  2936.000    0.0112
  2937.000    0.0113
  2938.000    0.0115
  2939.000    0.0117
  2940.000    0.0118
  2941.000    0.0120
  2942.000    0.0122
  2943.000    0.0124
  2944.000    0.0126
  2945.000    0.0127
  2946.000    0.0129
  2947.000    0.0131
  2948.000    0.0133
  2949.000    0.0136
  2950.000    0.0138
  2951.000    0.0140
  2952.000    0.0142
  2953.000    0.0145
  2954.000    0.0147
  2955.000    0.0150
  2956.000    0.0152
  2957.000    0.0155
  2958.000    0.0158
  2959.000    0.0160
  2960.000    0.0163
  2961.000    0.0166
  2962.000    0.0169
  2963.000    0.0173
  2964.000    0.0176
  2965.000    0.0179
  2966.000    0.0183
  2967.000    0.0186
  2968.000    0.0190
  2969.000    0.0194
  2970.000    0.0198
  2971.000    0.0202
  2972.000    0.0206
  2973.000    0.0211
  2974.000    0.0215
  2975.000    0.0220
  2976.000    0.0225
  2977.000    0.0230
  2978.000    0.0235
  2979.000    0.0240
  2980.000    0.0246
  2981.000    0.0252
  2982.000    0.0258
  2983.000    0.0265
  2984.000    0.0271
  2985.000    0.0278
  2986.000    0.0285
  2987.000    0.0293
  2988.000    0.0301
  2989.000    0.0309
  2990.000    0.0318
  2991.000    0.0327
  2992.000    0.0336
  2993.000    0.0346
  2994.000    0.0356
  2995.000    0.0367
  2996.000    0.0379
  2997.000    0.0391
  2998.000    0.0403
  2999.000    0.0417
  3000.000    0.0431
  3001.000    0.0446
  3002.000    0.0462
  3003.000    0.0479
  3004.000    0.0496
  3005.000    0.0515
  3006.000    0.0535
  3007.000    0.0557
  3008.000    0.0580
  3009.000    0.0604
  3010.000    0.0630
  3011.000    0.0658
  3012.000    0.0688
  3013.000    0.0721
  3014.000    0.0756
  3015.000    0.0793
  3016.000    0.0834
  3017.000    0.0879
  3018.000    0.0927
  3019.000    0.0980
  3020.000    0.1038
  3021.000    0.1102
  3022.000    0.1172
  3023.000    0.1250
  3024.000    0.1336
  3025.000    0.1432
  3026.000    0.1540
  3027.000    0.1661
  3028.000    0.1797
  3029.000    0.1952
  3030.000    0.2129
  3031.000    0.2333
  3032.000    0.2568
  3033.000    0.2842
  3034.000    0.3163
  3035.000    0.3543
  3036.000    0.3996
  3037.000    0.4541
  3038.000    0.5203
  3039.000    0.6016
  3040.000    0.7024
  3041.000    0.8284
  3042.000    0.9871
  3043.000    1.1876
  3044.000    1.4397
  3045.000    1.7504
  3046.000    2.1160
  3047.000    2.5073
  3048.000    2.8558
  3049.000    3.0618
  3050.000    3.0480
  3051.000    2.8203
  3052.000    2.4634
  3053.000    2.0753
  3054.000    1.7192
  3055.000    1.4199
  3056.000    1.1788
  3057.000    0.9881
  3058.000    0.8381
  3059.000    0.7198
  3060.000    0.6261
  3061.000    0.5513
  3062.000    0.4913
  3063.000    0.4430
  3064.000    0.4038
  3065.000    0.3722
  3066.000    0.3466
  3067.000    0.3261
  3068.000    0.3098
  3069.000    0.2973
  3070.000    0.2881
  3071.000    0.2818
  3072.000    0.2783
  3073.000    0.2774
  3074.000    0.2792
  3075.000    0.2836
  3076.000    0.2908
  3077.000    0.3010
  3078.000    0.3145
  3079.000    0.3319
  3080.000    0.3536
  3081.000    0.3805
  3082.000    0.4137
  3083.000    0.4547
  3084.000    0.5052
  3085.000    0.5679
  3086.000    0.6459
  3087.000    0.7438
  3088.000    0.8671
  3089.000    1.0232
  3090.000    1.2203
  3091.000    1.4662
  3092.000    1.7639
  3093.000    2.1028
  3094.000    2.4489
  3095.000    2.7428
  3096.000    2.9182
  3097.000    2.9321
  3098.000    2.7818
  3099.000    2.5051
  3100.000    2.1646
  3101.000    1.8215
  3102.000    1.5146
  3103.000    1.2581
  3104.000    1.0513
  3105.000    0.8869
  3106.000    0.7566
  3107.000    0.6531
  3108.000    0.5703
  3109.000    0.5036
  3110.000    0.4494
  3111.000    0.4051
  3112.000    0.3687
  3113.000    0.3386
  3114.000    0.3137
  3115.000    0.2931
  3116.000    0.2760
  3117.000    0.2621
  3118.000    0.2507
  3119.000    0.2417
  3120.000    0.2348
  3121.000    0.2298
  3122.000    0.2266
  3123.000    0.2251
  3124.000    0.2253
  3125.000    0.2272
  3126.000    0.2309
  3127.000    0.2364
  3128.000    0.2440
  3129.000    0.2537
  3130.000    0.2660
  3131.000    0.2812
  3132.000    0.2997
  3133.000    0.3222
  3134.000    0.3495
  3135.000    0.3827
  3136.000    0.4231
  3137.000    0.4726
  3138.000    0.5334
  3139.000    0.6088
  3140.000    0.7029
  3141.000    0.8214
  3142.000    0.9712
  3143.000    1.1610
  3144.000    1.4004
  3145.000    1.6961
  3146.000    2.0455
  3147.000    2.4234
  3148.000    2.7694
  3149.000    2.9949
  3150.000    3.0242
  3151.000    2.8458
  3152.000    2.5215
  3153.000    2.1422
  3154.000    1.7784
  3155.000    1.4642
  3156.000    1.2071
  3157.000    1.0019
  3158.000    0.8392
  3159.000    0.7102
  3160.000    0.6071
  3161.000    0.5241
  3162.000    0.4565
  3163.000    0.4010
  3164.000    0.3550
  3165.000    0.3165
  3166.000    0.2839
  3167.000    0.2562
  3168.000    0.2325
  3169.000    0.2120
  3170.000    0.1941
  3171.000    0.1785
  3172.000    0.1648
  3173.000    0.1527
  3174.000    0.1419
  3175.000    0.1323
  3176.000    0.1236
  3177.000    0.1159
  3178.000    0.1088
  3179.000    0.1025
  3180.000    0.0967
  3181.000    0.0914
  3182.000    0.0866
  3183.000    0.0822
  3184.000    0.0781
  3185.000    0.0743
  3186.000    0.0709
  3187.000    0.0676
  3188.000    0.0647
  3189.000    0.0619
  3190.000    0.0593
  3191.000    0.0569
  3192.000    0.0546
  3193.000    0.0525
  3194.000    0.0505
  3195.000    0.0487
  3196.000    0.0469
  3197.000    0.0452
  3198.000    0.0437
  3199.000    0.0422
  3200.000    0.0408
  3201.000    0.0395
  3202.000    0.0382
  3203.000    0.0370
  3204.000    0.0359
  3205.000    0.0348
  3206.000    0.0338
  3207.000    0.0329
  3208.000    0.0319
  3209.000    0.0310
  3210.000    0.0302
  3211.000    0.0294
  3212.000    0.0286
  3213.000    0.0279
  3214.000    0.0272
  3215.000    0.0265
  3216.000    0.0258
  3217.000    0.0252
  3218.000    0.0246
  3219.000    0.0240
  3220.000    0.0235
  3221.000    0.0229
  3222.000    0.0224
  3223.000    0.0219
  3224.000    0.0214
  3225.000    0.0210
  3226.000    0.0205
  3227.000    0.0201
  3228.000    0.0197
  3229.000    0.0193
  3230.000    0.0189
  3231.000    0.0185
  3232.000    0.0181
  3233.000    0.0178
  3234.000    0.0174
  3235.000    0.0171
  3236.000    0.0168
  3237.000    0.0165
  3238.000    0.0162
  3239.000    0.0159
  3240.000    0.0156
  3241.000    0.0153
  3242.000    0.0151
  3243.000    0.0148
  3244.000    0.0145
  3245.000    0.0143
  3246.000    0.0141
  3247.000    0.0138
  3248.000    0.0136
  3249.000    0.0134
  3250.000    0.0132
  3251.000    0.0129
  3252.000    0.0127
  3253.000    0.0125
  3254.000    0.0124
  3255.000    0.0122
  3256.000    0.0120
  3257.000    0.0118
  3258.000    0.0116
  3259.000    0.0115
  3260.000    0.0113
