# v / cm^-1  DOS / states (q-point cm^-1)^-1
  -120.000    0.0098
  -119.000    0.0099
  -118.000    0.0100
  -117.000    0.0101
  -116.000    0.0102
  -115.000    0.0103
  -114.000    0.0104
  -113.000    0.0106
  -112.000    0.0107
  -111.000    0.0108
  -110.000    0.0109
  -109.000    0.0110
  -108.000    0.0111
  -107.000    0.0113
  -106.000    0.0114
  -105.000    0.0115
  -104.000    0.0116
  -103.000    0.0118
  -102.000    0.0119
  -101.000    0.0121
  -100.000    0.0122
   -99.000    0.0123
   -98.000    0.0125
   -97.000    0.0126
   -96.000    0.0128
   -95.000    0.0130
   -94.000    0.0131
   -93.000    0.0133
   -92.000    0.0134
   -91.000    0.0136
   -90.000    0.0138
   -89.000    0.0140
   -88.000    0.0142
   -87.000    0.0144
   -86.000    0.0145
   -85.000    0.0147
   -84.000    0.0149
   -83.000    0.0152
   -82.000    0.0154
   -81.000    0.0156
   -80.000    0.0158
   -79.000    0.0160
   -78.000    0.0163
   -77.000    0.0165
   -76.000    0.0168
   -75.000    0.0170
   -74.000    0.0173
   -73.000    0.0176
   -72.000    0.0178
   -71.000    0.0181
   -70.000    0.0184
   -69.000    0.0187
   -68.000    0.0190
   -67.000    0.0194
   -66.000    0.0197
   -65.000    0.0200
   -64.000    0.0204
   -63.000    0.0208
   -62.000    0.0211
   -61.000    0.0215
   -60.000    0.0219
   -59.000    0.0223
   -58.000    0.0228
   -57.000    0.0232
   -56.000    0.0237
   -55.000    0.0242
   -54.000    0.0247
   -53.000    0.0252
   -52.000    0.0257
   -51.000    0.0263
   -50.000    0.0268
   -49.000    0.0275
   -48.000    0.0281
   -47.000    0.0287
   -46.000    0.0294
   -45.000    0.0302
   -44.000    0.0309
   -43.000    0.0317
   -42.000    0.0325
   -41.000    0.0334
   -40.000    0.0343
   -39.000    0.0353
   -38.000    0.0363
   -37.000    0.0374
   -36.000    0.0385
   -35.000    0.0397
   -34.000    0.0410
   -33.000    0.0424
   -32.000    0.0439
   -31.000    0.0455
   -30.000    0.0472
   -29.000    0.0490
   -28.000    0.0511
   -27.000    0.0532
   -26.000    0.0557
   -25.000    0.0583
   -24.000    0.0613
   -23.000    0.0646
   -22.000    0.0684
   -21.000    0.0727
   -20.000    0.0777
   -19.000    0.0834
   -18.000    0.0900
   -17.000    0.0976
   -16.000    0.1061
   -15.000    0.1155
   -14.000    0.1255
   -13.000    0.1359
   -12.000    0.1463
   -11.000    0.1565
   -10.000    0.1660
    -9.000    0.1747
    -8.000    0.1827
    -7.000    0.1901
    -6.000    0.1974
    -5.000    0.2049
    -4.000    0.2134
    -3.000    0.2236
    -2.000    0.2364
    -1.000    0.2527
     0.000    0.2736
     1.000    0.3000
     2.000    0.3326
     3.000    0.3719
     4.000    0.4179
     5.000    0.4704
     6.000    0.5287
     7.000    0.5917
     8.000    0.6576
     9.000    0.7242
    10.000    0.7886
    11.000    0.8474
    12.000    0.8978
    13.000    0.9387
    14.000    0.9707
    15.000    0.9965
    16.000    1.0186
    17.000    1.0385
    18.000    1.0562
    19.000    1.0715
    20.000    1.0843
    21.000    1.0951
    22.000    1.1037
    23.000    1.1089
    24.000    1.1091
    25.000    1.1040
    26.000    1.0947
    27.000    1.0835
    28.000    1.0731
    29.000    1.0645
    30.000    1.0571
    31.000    1.0487
    32.000    1.0370
    33.000    1.0207
    34.000    1.0010
    35.000    0.9806
    36.000    0.9624
    37.000    0.9476
    38.000    0.9353
    39.000    0.9235
    40.000    0.9110
    41.000    0.8987
    42.000    0.8902
    43.000    0.8888
    44.000    0.8959
    45.000    0.9100
    46.000    0.9270
    47.000    0.9427
    48.000    0.9536
    49.000    0.9584
    50.000    0.9574
    51.000    0.9517
    52.000    0.9419
    53.000    0.9290
    54.000    0.9139
    55.000    0.8984
    56.000    0.8848
    57.000    0.8746
    58.000    0.8682
    59.000    0.8647
    60.000    0.8634
    61.000    0.8649
    62.000    0.8704
    63.000    0.8810
    64.000    0.8962
    65.000    0.9133
    66.000    0.9295
    67.000    0.9435
    68.000    0.9565
    69.000    0.9711
    70.000    0.9886
    71.000    1.0086
    72.000    1.0301
    73.000    1.0525
    74.000    1.0757
    75.000    1.0997
    76.000    1.1241
    77.000    1.1475
    78.000    1.1683
    79.000    1.1842
    80.000    1.1924
    81.000    1.1904
    82.000    1.1770
    83.000    1.1527
    84.000    1.1200
    85.000    1.0826
    86.000    1.0444
    87.000    1.0091
    88.000    0.9791
    89.000    0.9551
    90.000    0.9368
    91.000    0.9236
    92.000    0.9147
    93.000    0.9088
    94.000    0.9046
    95.000    0.9008
    96.000    0.8975
    97.000    0.8959
    98.000    0.8973
    99.000    0.9026
   100.000    0.9111
   101.000    0.9212
   102.000    0.9310
   103.000    0.9395
   104.000    0.9463
   105.000    0.9509
   106.000    0.9521
   107.000    0.9481
   108.000    0.9393
   109.000    0.9290
   110.000    0.9232
   111.000    0.9267
   112.000    0.9408
   113.000    0.9631
   114.000    0.9899
   115.000    1.0180
   116.000    1.0443
   117.000    1.0655
   118.000    1.0791
   119.000    1.0850
   120.000    1.0854
   121.000    1.0834
   122.000    1.0821
   123.000    1.0837
   124.000    1.0890
   125.000    1.0981
   126.000    1.1104
   127.000    1.1252
   128.000    1.1424
   129.000    1.1629
   130.000    1.1878
   131.000    1.2163
   132.000    1.2451
   133.000    1.2692
   134.000    1.2841
   135.000    1.2871
   136.000    1.2776
   137.000    1.2567
   138.000    1.2268
   139.000    1.1909
   140.000    1.1520
   141.000    1.1125
   142.000    1.0743
   143.000    1.0390
   144.000    1.0077
   145.000    0.9809
   146.000    0.9582
   147.000    0.9389
   148.000    0.9224
   149.000    0.9076
   150.000    0.8933
   151.000    0.8785
   152.000    0.8630
   153.000    0.8478
   154.000    0.8341
   155.000    0.8225
   156.000    0.8126
   157.000    0.8031
   158.000    0.7918
   159.000    0.7765
   160.000    0.7558
   161.000    0.7302
   162.000    0.7018
   163.000    0.6735
   164.000    0.6478
   165.000    0.6267
   166.000    0.6104
   167.000    0.5985
   168.000    0.5898
   169.000    0.5827
   170.000    0.5752
   171.000    0.5653
   172.000    0.5515
   173.000    0.5320
   174.000    0.5056
   175.000    0.4725
   176.000    0.4346
   177.000    0.3955
   178.000    0.3584
   179.000    0.3258
   180.000    0.2987
   181.000    0.2773
   182.000    0.2609
   183.000    0.2489
   184.000    0.2405
   185.000    0.2351
   186.000    0.2323
   187.000    0.2317
   188.000    0.2331
   189.000    0.2363
   190.000    0.2411
   191.000    0.2475
   192.000    0.2553
   193.000    0.2643
   194.000    0.2744
   195.000    0.2858
   196.000    0.2989
   197.000    0.3145
   198.000    0.3339
   199.000    0.3584
   200.000    0.3891
   201.000    0.4265
   202.000    0.4706
   203.000    0.5198
   204.000    0.5706
   205.000    0.6182
   206.000    0.6577
   207.000    0.6865
   208.000    0.7034
   209.000    0.7086
   210.000    0.7024
   211.000    0.6851
   212.000    0.6579
   213.000    0.6232
   214.000    0.5836
   215.000    0.5418
   216.000    0.4997
   217.000    0.4595
   218.000    0.4235
   219.000    0.3941
   220.000    0.3729
   221.000    0.3610
   222.000    0.3589
   223.000    0.3669
   224.000    0.3847
   225.000    0.4104
   226.000    0.4403
   227.000    0.4685
   228.000    0.4890
   229.000    0.4988
   230.000    0.4979
   231.000    0.4887
   232.000    0.4733
   233.000    0.4528
   234.000    0.4276
   235.000    0.3975
   236.000    0.3631
   237.000    0.3268
   238.000    0.2918
   239.000    0.2610
   240.000    0.2357
   241.000    0.2161
   242.000    0.2017
   243.000    0.1918
   244.000    0.1856
   245.000    0.1827
   246.000    0.1826
   247.000    0.1850
   248.000    0.1898
   249.000    0.1968
   250.000    0.2057
   251.000    0.2164
   252.000    0.2284
   253.000    0.2411
   254.000    0.2533
   255.000    0.2639
   256.000    0.2715
   257.000    0.2752
   258.000    0.2743
   259.000    0.2688
   260.000    0.2590
   261.000    0.2461
   262.000    0.2316
   263.000    0.2174
   264.000    0.2051
   265.000    0.1958
   266.000    0.1902
   267.000    0.1885
   268.000    0.1909
   269.000    0.1975
   270.000    0.2086
   271.000    0.2249
   272.000    0.2473
   273.000    0.2770
   274.000    0.3153
   275.000    0.3634
   276.000    0.4212
   277.000    0.4857
   278.000    0.5505
   279.000    0.6063
   280.000    0.6447
   281.000    0.6617
   282.000    0.6592
   283.000    0.6424
   284.000    0.6168
   285.000    0.5850
   286.000    0.5470
   287.000    0.5024
   288.000    0.4528
   289.000    0.4022
   290.000    0.3552
   291.000    0.3151
   292.000    0.2831
   293.000    0.2588
   294.000    0.2414
   295.000    0.2300
   296.000    0.2238
   297.000    0.2225
   298.000    0.2259
   299.000    0.2342
   300.000    0.2480
   301.000    0.2680
   302.000    0.2953
   303.000    0.3312
   304.000    0.3764
   305.000    0.4304
   306.000    0.4901
   307.000    0.5500
   308.000    0.6038
   309.000    0.6478
   310.000    0.6807
   311.000    0.7011
   312.000    0.7048
   313.000    0.6873
   314.000    0.6468
   315.000    0.5877
   316.000    0.5196
   317.000    0.4529
   318.000    0.3945
   319.000    0.3469
   320.000    0.3099
   321.000    0.2823
   322.000    0.2626
   323.000    0.2495
   324.000    0.2422
   325.000    0.2402
   326.000    0.2433
   327.000    0.2518
   328.000    0.2660
   329.000    0.2871
   330.000    0.3161
   331.000    0.3546
   332.000    0.4039
   333.000    0.4642
   334.000    0.5329
   335.000    0.6027
   336.000    0.6624
   337.000    0.7014
   338.000    0.7155
   339.000    0.7081
   340.000    0.6865
   341.000    0.6569
   342.000    0.6209
   343.000    0.5776
   344.000    0.5283
   345.000    0.4778
   346.000    0.4318
   347.000    0.3947
   348.000    0.3683
   349.000    0.3529
   350.000    0.3482
   351.000    0.3542
   352.000    0.3713
   353.000    0.4005
   354.000    0.4429
   355.000    0.4987
   356.000    0.5662
   357.000    0.6393
   358.000    0.7068
   359.000    0.7558
   360.000    0.7765
   361.000    0.7665
   362.000    0.7293
   363.000    0.6711
   364.000    0.6000
   365.000    0.5249
   366.000    0.4539
   367.000    0.3921
   368.000    0.3410
   369.000    0.3003
   370.000    0.2682
   371.000    0.2433
   372.000    0.2241
   373.000    0.2095
   374.000    0.1985
   375.000    0.1906
   376.000    0.1853
   377.000    0.1822
   378.000    0.1811
   379.000    0.1820
   380.000    0.1848
   381.000    0.1895
   382.000    0.1962
   383.000    0.2051
   384.000    0.2166
   385.000    0.2309
   386.000    0.2488
   387.000    0.2708
   388.000    0.2979
   389.000    0.3315
   390.000    0.3733
   391.000    0.4255
   392.000    0.4909
   393.000    0.5727
   394.000    0.6742
   395.000    0.7967
   396.000    0.9367
   397.000    1.0819
   398.000    1.2111
   399.000    1.3053
   400.000    1.3642
   401.000    1.4081
   402.000    1.4595
   403.000    1.5237
   404.000    1.5842
   405.000    1.6147
   406.000    1.5987
   407.000    1.5376
   408.000    1.4422
   409.000    1.3215
   410.000    1.1819
   411.000    1.0319
   412.000    0.8836
   413.000    0.7482
   414.000    0.6320
   415.000    0.5361
   416.000    0.4584
   417.000    0.3957
   418.000    0.3452
   419.000    0.3041
   420.000    0.2705
   421.000    0.2427
   422.000    0.2195
   423.000    0.2000
   424.000    0.1835
   425.000    0.1694
   426.000    0.1573
   427.000    0.1469
   428.000    0.1378
   429.000    0.1300
   430.000    0.1231
   431.000    0.1171
   432.000    0.1118
   433.000    0.1071
   434.000    0.1031
   435.000    0.0995
   436.000    0.0964
   437.000    0.0937
   438.000    0.0914
   439.000    0.0894
   440.000    0.0877
   441.000    0.0863
   442.000    0.0852
   443.000    0.0844
   444.000    0.0838
   445.000    0.0835
   446.000    0.0834
   447.000    0.0836
   448.000    0.0841
   449.000    0.0848
   450.000    0.0858
   451.000    0.0871
   452.000    0.0887
   453.000    0.0907
   454.000    0.0930
   455.000    0.0958
   456.000    0.0991
   457.000    0.1029
   458.000    0.1074
   459.000    0.1126
   460.000    0.1186
   461.000    0.1257
   462.000    0.1340
   463.000    0.1437
   464.000    0.1553
   465.000    0.1690
   466.000    0.1856
   467.000    0.2055
   468.000    0.2299
   469.000    0.2600
   470.000    0.2972
   471.000    0.3437
   472.000    0.4016
   473.000    0.4730
   474.000    0.5585
   475.000    0.6549
   476.000    0.7535
   477.000    0.8398
   478.000    0.9000
   479.000    0.9284
   480.000    0.9287
   481.000    0.9106
   482.000    0.8866
   483.000    0.8678
   484.000    0.8589
   485.000    0.8565
   486.000    0.8527
   487.000    0.8415
   488.000    0.8220
   489.000    0.7958
   490.000    0.7634
   491.000    0.7230
   492.000    0.6725
   493.000    0.6124
   494.000    0.5463
   495.000    0.4804
   496.000    0.4203
   497.000    0.3691
   498.000    0.3277
   499.000    0.2950
   500.000    0.2699
   501.000    0.2511
   502.000    0.2375
   503.000    0.2283
   504.000    0.2230
   505.000    0.2213
   506.000    0.2232
   507.000    0.2287
   508.000    0.2381
   509.000    0.2520
   510.000    0.2713
   511.000    0.2970
   512.000    0.3303
   513.000    0.3725
   514.000    0.4238
   515.000    0.4828
   516.000    0.5444
   517.000    0.6011
   518.000    0.6453
   519.000    0.6741
   520.000    0.6910
   521.000    0.7035
   522.000    0.7186
   523.000    0.7399
   524.000    0.7673
   525.000    0.7981
   526.000    0.8297
   527.000    0.8616
   528.000    0.8969
   529.000    0.9390
   530.000    0.9835
   531.000    1.0131
   532.000    1.0048
   533.000    0.9466
   534.000    0.8487
   535.000    0.7346
   536.000    0.6244
   537.000    0.5288
   538.000    0.4504
   539.000    0.3877
   540.000    0.3381
   541.000    0.2989
   542.000    0.2680
   543.000    0.2435
   544.000    0.2241
   545.000    0.2088
   546.000    0.1969
   547.000    0.1878
   548.000    0.1811
   549.000    0.1766
   550.000    0.1741
   551.000    0.1735
   552.000    0.1749
   553.000    0.1783
   554.000    0.1839
   555.000    0.1920
   556.000    0.2031
   557.000    0.2179
   558.000    0.2370
   559.000    0.2618
   560.000    0.2936
   561.000    0.3346
   562.000    0.3867
   563.000    0.4521
   564.000    0.5314
   565.000    0.6214
   566.000    0.7122
   567.000    0.7862
   568.000    0.8230
   569.000    0.8102
   570.000    0.7519
   571.000    0.6664
   572.000    0.5746
   573.000    0.4906
   574.000    0.4201
   575.000    0.3637
   576.000    0.3196
   577.000    0.2856
   578.000    0.2595
   579.000    0.2398
   580.000    0.2251
   581.000    0.2144
   582.000    0.2072
   583.000    0.2028
   584.000    0.2010
   585.000    0.2016
   586.000    0.2045
   587.000    0.2096
   588.000    0.2172
   589.000    0.2275
   590.000    0.2407
   591.000    0.2575
   592.000    0.2784
   593.000    0.3043
   594.000    0.3366
   595.000    0.3769
   596.000    0.4272
   597.000    0.4904
   598.000    0.5697
   599.000    0.6687
   600.000    0.7898
   601.000    0.9322
   602.000    1.0885
   603.000    1.2428
   604.000    1.3743
   605.000    1.4651
   606.000    1.5052
   607.000    1.4909
   608.000    1.4244
   609.000    1.3171
   610.000    1.1905
   611.000    1.0689
   612.000    0.9702
   613.000    0.9032
   614.000    0.8704
   615.000    0.8713
   616.000    0.9032
   617.000    0.9590
   618.000    1.0242
   619.000    1.0748
   620.000    1.0859
   621.000    1.0477
   622.000    0.9736
   623.000    0.8886
   624.000    0.8141
   625.000    0.7620
   626.000    0.7369
   627.000    0.7399
   628.000    0.7701
   629.000    0.8234
   630.000    0.8892
   631.000    0.9471
   632.000    0.9704
   633.000    0.9409
   634.000    0.8629
   635.000    0.7586
   636.000    0.6515
   637.000    0.5554
   638.000    0.4752
   639.000    0.4106
   640.000    0.3592
   641.000    0.3185
   642.000    0.2863
   643.000    0.2607
   644.000    0.2404
   645.000    0.2243
   646.000    0.2117
   647.000    0.2019
   648.000    0.1946
   649.000    0.1895
   650.000    0.1864
   651.000    0.1853
   652.000    0.1861
   653.000    0.1889
   654.000    0.1938
   655.000    0.2013
   656.000    0.2116
   657.000    0.2253
   658.000    0.2433
   659.000    0.2666
   660.000    0.2966
   661.000    0.3352
   662.000    0.3844
   663.000    0.4464
   664.000    0.5224
   665.000    0.6101
   666.000    0.7012
   667.000    0.7794
   668.000    0.8251
   669.000    0.8256
   670.000    0.7826
   671.000    0.7103
   672.000    0.6263
   673.000    0.5447
   674.000    0.4736
   675.000    0.4160
   676.000    0.3714
   677.000    0.3382
   678.000    0.3144
   679.000    0.2986
   680.000    0.2894
   681.000    0.2863
   682.000    0.2886
   683.000    0.2966
   684.000    0.3103
   685.000    0.3305
   686.000    0.3582
   687.000    0.3951
   688.000    0.4432
   689.000    0.5056
   690.000    0.5859
   691.000    0.6883
   692.000    0.8162
   693.000    0.9699
   694.000    1.1412
   695.000    1.3095
   696.000    1.4422
   697.000    1.5079
   698.000    1.4908
   699.000    1.3962
   700.000    1.2471
   701.000    1.0749
   702.000    0.9075
   703.000    0.7607
   704.000    0.6394
   705.000    0.5421
   706.000    0.4651
   707.000    0.4043
   708.000    0.3561
   709.000    0.3179
   710.000    0.2873
   711.000    0.2629
   712.000    0.2433
   713.000    0.2278
   714.000    0.2155
   715.000    0.2061
   716.000    0.1991
   717.000    0.1944
   718.000    0.1917
   719.000    0.1910
   720.000    0.1923
   721.000    0.1957
   722.000    0.2014
   723.000    0.2097
   724.000    0.2211
   725.000    0.2360
   726.000    0.2554
   727.000    0.2803
   728.000    0.3123
   729.000    0.3531
   730.000    0.4051
   731.000    0.4702
   732.000    0.5495
   733.000    0.6407
   734.000    0.7351
   735.000    0.8163
   736.000    0.8659
   737.000    0.8734
   738.000    0.8422
   739.000    0.7859
   740.000    0.7212
   741.000    0.6622
   742.000    0.6185
   743.000    0.5950
   744.000    0.5938
   745.000    0.6158
   746.000    0.6602
   747.000    0.7239
   748.000    0.7978
   749.000    0.8643
   750.000    0.9003
   751.000    0.8887
   752.000    0.8295
   753.000    0.7392
   754.000    0.6398
   755.000    0.5469
   756.000    0.4679
   757.000    0.4039
   758.000    0.3534
   759.000    0.3139
   760.000    0.2834
   761.000    0.2599
   762.000    0.2420
   763.000    0.2288
   764.000    0.2195
   765.000    0.2137
   766.000    0.2110
   767.000    0.2113
   768.000    0.2147
   769.000    0.2214
   770.000    0.2318
   771.000    0.2466
   772.000    0.2667
   773.000    0.2933
   774.000    0.3282
   775.000    0.3735
   776.000    0.4316
   777.000    0.5044
   778.000    0.5917
   779.000    0.6878
   780.000    0.7777
   781.000    0.8373
   782.000    0.8453
   783.000    0.7984
   784.000    0.7144
   785.000    0.6180
   786.000    0.5273
   787.000    0.4502
   788.000    0.3880
   789.000    0.3390
   790.000    0.3011
   791.000    0.2717
   792.000    0.2492
   793.000    0.2319
   794.000    0.2189
   795.000    0.2093
   796.000    0.2026
   797.000    0.1983
   798.000    0.1961
   799.000    0.1959
   800.000    0.1974
   801.000    0.2007
   802.000    0.2057
   803.000    0.2126
   804.000    0.2215
   805.000    0.2325
   806.000    0.2461
   807.000    0.2625
   808.000    0.2823
   809.000    0.3062
   810.000    0.3351
   811.000    0.3702
   812.000    0.4130
   813.000    0.4656
   814.000    0.5308
   815.000    0.6121
   816.000    0.7138
   817.000    0.8408
   818.000    0.9976
   819.000    1.1849
   820.000    1.3958
   821.000    1.6097
   822.000    1.7938
   823.000    1.9137
   824.000    1.9524
   825.000    1.9214
   826.000    1.8534
   827.000    1.7792
   828.000    1.7105
   829.000    1.6423
   830.000    1.5677
   831.000    1.4885
   832.000    1.4147
   833.000    1.3587
   834.000    1.3301
   835.000    1.3315
   836.000    1.3549
   837.000    1.3802
   838.000    1.3832
   839.000    1.3511
   840.000    1.2933
   841.000    1.2328
   842.000    1.1897
   843.000    1.1711
   844.000    1.1694
   845.000    1.1666
   846.000    1.1437
   847.000    1.0909
   848.000    1.0110
   849.000    0.9147
   850.000    0.8145
   851.000    0.7212
   852.000    0.6418
   853.000    0.5793
   854.000    0.5337
   855.000    0.5042
   856.000    0.4896
   857.000    0.4897
   858.000    0.5050
   859.000    0.5364
   860.000    0.5854
   861.000    0.6521
   862.000    0.7327
   863.000    0.8156
   864.000    0.8790
   865.000    0.8982
   866.000    0.8617
   867.000    0.7804
   868.000    0.6787
   869.000    0.5777
   870.000    0.4887
   871.000    0.4149
   872.000    0.3554
   873.000    0.3078
   874.000    0.2697
   875.000    0.2390
   876.000    0.2140
   877.000    0.1935
   878.000    0.1765
   879.000    0.1622
   880.000    0.1501
   881.000    0.1399
   882.000    0.1310
   883.000    0.1234
   884.000    0.1167
   885.000    0.1109
   886.000    0.1058
   887.000    0.1013
   888.000    0.0974
   889.000    0.0938
   890.000    0.0907
   891.000    0.0879
   892.000    0.0854
   893.000    0.0832
   894.000    0.0813
   895.000    0.0795
   896.000    0.0780
   897.000    0.0766
   898.000    0.0755
   899.000    0.0745
   900.000    0.0736
   901.000    0.0729
   902.000    0.0723
   903.000    0.0718
   904.000    0.0715
   905.000    0.0713
   906.000    0.0712
   907.000    0.0713
   908.000    0.0714
   909.000    0.0717
   910.000    0.0721
   911.000    0.0726
   912.000    0.0732
   913.000    0.0740
   914.000    0.0749
   915.000    0.0759
   916.000    0.0771
   917.000    0.0784
   918.000    0.0799
   919.000    0.0815
   920.000    0.0834
   921.000    0.0854
   922.000    0.0877
   923.000    0.0902
   924.000    0.0930
   925.000    0.0960
   926.000    0.0994
   927.000    0.1031
   928.000    0.1072
   929.000    0.1118
   930.000    0.1168
   931.000    0.1224
   932.000    0.1286
   933.000    0.1355
   934.000    0.1433
   935.000    0.1520
   936.000    0.1618
   937.000    0.1728
   938.000    0.1854
   939.000    0.1998
   940.000    0.2163
   941.000    0.2353
   942.000    0.2574
   943.000    0.2834
   944.000    0.3139
   945.000    0.3503
   946.000    0.3939
   947.000    0.4468
   948.000    0.5115
   949.000    0.5913
   950.000    0.6905
   951.000    0.8142
   952.000    0.9679
   953.000    1.1557
   954.000    1.3767
   955.000    1.6196
   956.000    1.8594
   957.000    2.0644
   958.000    2.2115
   959.000    2.2992
   960.000    2.3444
   961.000    2.3648
   962.000    2.3581
   963.000    2.2971
   964.000    2.1553
   965.000    1.9374
   966.000    1.6796
   967.000    1.4236
   968.000    1.1964
   969.000    1.0072
   970.000    0.8551
   971.000    0.7345
   972.000    0.6394
   973.000    0.5645
   974.000    0.5055
   975.000    0.4591
   976.000    0.4230
   977.000    0.3952
   978.000    0.3746
   979.000    0.3603
   980.000    0.3519
   981.000    0.3490
   982.000    0.3519
   983.000    0.3610
   984.000    0.3769
   985.000    0.4010
   986.000    0.4349
   987.000    0.4808
   988.000    0.5411
   989.000    0.6181
   990.000    0.7118
   991.000    0.8168
   992.000    0.9181
   993.000    0.9920
   994.000    1.0173
   995.000    0.9923
   996.000    0.9377
   997.000    0.8808
   998.000    0.8415
   999.000    0.8300
  1000.000    0.8487
  1001.000    0.8942
  1002.000    0.9546
  1003.000    1.0081
  1004.000    1.0269
  1005.000    0.9939
  1006.000    0.9159
  1007.000    0.8168
  1008.000    0.7196
  1009.000    0.6376
  1010.000    0.5753
  1011.000    0.5328
  1012.000    0.5091
  1013.000    0.5031
  1014.000    0.5146
  1015.000    0.5444
  1016.000    0.5933
  1017.000    0.6608
  1018.000    0.7419
  1019.000    0.8232
  1020.000    0.8811
  1021.000    0.8909
  1022.000    0.8444
  1023.000    0.7567
  1024.000    0.6530
  1025.000    0.5533
  1026.000    0.4671
  1027.000    0.3964
  1028.000    0.3396
  1029.000    0.2943
  1030.000    0.2581
  1031.000    0.2290
  1032.000    0.2054
  1033.000    0.1861
  1034.000    0.1701
  1035.000    0.1568
  1036.000    0.1456
  1037.000    0.1361
  1038.000    0.1281
  1039.000    0.1212
  1040.000    0.1153
  1041.000    0.1103
  1042.000    0.1059
  1043.000    0.1022
  1044.000    0.0990
  1045.000    0.0963
  1046.000    0.0940
  1047.000    0.0921
  1048.000    0.0906
  1049.000    0.0893
  1050.000    0.0885
  1051.000    0.0879
  1052.000    0.0876
  1053.000    0.0876
  1054.000    0.0878
  1055.000    0.0884
  1056.000    0.0893
  1057.000    0.0905
  1058.000    0.0921
  1059.000    0.0940
  1060.000    0.0963
  1061.000    0.0990
  1062.000    0.1023
  1063.000    0.1061
  1064.000    0.1105
  1065.000    0.1157
  1066.000    0.1216
  1067.000    0.1286
  1068.000    0.1368
  1069.000    0.1464
  1070.000    0.1576
  1071.000    0.1710
  1072.000    0.1869
  1073.000    0.2059
  1074.000    0.2290
  1075.000    0.2572
  1076.000    0.2919
  1077.000    0.3350
  1078.000    0.3888
  1079.000    0.4563
  1080.000    0.5404
  1081.000    0.6431
  1082.000    0.7629
  1083.000    0.8907
  1084.000    1.0072
  1085.000    1.0890
  1086.000    1.1252
  1087.000    1.1278
  1088.000    1.1209
  1089.000    1.1199
  1090.000    1.1211
  1091.000    1.1058
  1092.000    1.0551
  1093.000    0.9652
  1094.000    0.8498
  1095.000    0.7290
  1096.000    0.6182
  1097.000    0.5242
  1098.000    0.4478
  1099.000    0.3869
  1100.000    0.3387
  1101.000    0.3006
  1102.000    0.2704
  1103.000    0.2464
  1104.000    0.2275
  1105.000    0.2125
  1106.000    0.2008
  1107.000    0.1919
  1108.000    0.1853
  1109.000    0.1808
  1110.000    0.1782
  1111.000    0.1774
  1112.000    0.1784
  1113.000    0.1811
  1114.000    0.1856
  1115.000    0.1921
  1116.000    0.2008
  1117.000    0.2121
  1118.000    0.2263
  1119.000    0.2442
  1120.000    0.2663
  1121.000    0.2939
  1122.000    0.3284
  1123.000    0.3715
  1124.000    0.4258
  1125.000    0.4946
  1126.000    0.5818
  1127.000    0.6919
  1128.000    0.8287
  1129.000    0.9925
  1130.000    1.1746
  1131.000    1.3514
  1132.000    1.4851
  1133.000    1.5377
  1134.000    1.4931
  1135.000    1.3669
  1136.000    1.1954
  1137.000    1.0155
  1138.000    0.8514
  1139.000    0.7133
  1140.000    0.6018
  1141.000    0.5138
  1142.000    0.4448
  1143.000    0.3908
  1144.000    0.3487
  1145.000    0.3158
  1146.000    0.2903
  1147.000    0.2709
  1148.000    0.2565
  1149.000    0.2464
  1150.000    0.2402
  1151.000    0.2378
  1152.000    0.2389
  1153.000    0.2438
  1154.000    0.2528
  1155.000    0.2664
  1156.000    0.2857
  1157.000    0.3117
  1158.000    0.3461
  1159.000    0.3910
  1160.000    0.4488
  1161.000    0.5215
  1162.000    0.6095
  1163.000    0.7084
  1164.000    0.8056
  1165.000    0.8803
  1166.000    0.9119
  1167.000    0.8941
  1168.000    0.8395
  1169.000    0.7710
  1170.000    0.7089
  1171.000    0.6656
  1172.000    0.6467
  1173.000    0.6536
  1174.000    0.6852
  1175.000    0.7371
  1176.000    0.7988
  1177.000    0.8526
  1178.000    0.8783
  1179.000    0.8622
  1180.000    0.8050
  1181.000    0.7196
  1182.000    0.6230
  1183.000    0.5295
  1184.000    0.4472
  1185.000    0.3787
  1186.000    0.3231
  1187.000    0.2785
  1188.000    0.2427
  1189.000    0.2139
  1190.000    0.1904
  1191.000    0.1711
  1192.000    0.1551
  1193.000    0.1417
  1194.000    0.1304
  1195.000    0.1208
  1196.000    0.1126
  1197.000    0.1055
  1198.000    0.0993
  1199.000    0.0940
  1200.000    0.0893
  1201.000    0.0852
  1202.000    0.0816
  1203.000    0.0784
  1204.000    0.0756
  1205.000    0.0731
  1206.000    0.0709
  1207.000    0.0689
  1208.000    0.0672
  1209.000    0.0658
  1210.000    0.0645
  1211.000    0.0634
  1212.000    0.0624
  1213.000    0.0616
  1214.000    0.0610
  1215.000    0.0605
  1216.000    0.0601
  1217.000    0.0598
  1218.000    0.0597
  1219.000    0.0597
  1220.000    0.0599
  1221.000    0.0601
  1222.000    0.0605
  1223.000    0.0611
  1224.000    0.0617
  1225.000    0.0625
  1226.000    0.0635
  1227.000    0.0646
  1228.000    0.0659
  1229.000    0.0674
  1230.000    0.0691
  1231.000    0.0710
  1232.000    0.0731
  1233.000    0.0756
  1234.000    0.0783
  1235.000    0.0813
  1236.000    0.0848
  1237.000    0.0886
  1238.000    0.0930
  1239.000    0.0979
  1240.000    0.1035
  1241.000    0.1098
  1242.000    0.1171
  1243.000    0.1254
  1244.000    0.1349
  1245.000    0.1459
  1246.000    0.1588
  1247.000    0.1739
  1248.000    0.1917
  1249.000    0.2129
  1250.000    0.2383
  1251.000    0.2691
  1252.000    0.3068
  1253.000    0.3533
  1254.000    0.4112
  1255.000    0.4840
  1256.000    0.5757
  1257.000    0.6911
  1258.000    0.8341
  1259.000    1.0048
  1260.000    1.1938
  1261.000    1.3756
  1262.000    1.5087
  1263.000    1.5521
  1264.000    1.4909
  1265.000    1.3476
  1266.000    1.1659
  1267.000    0.9848
  1268.000    0.8261
  1269.000    0.6963
  1270.000    0.5941
  1271.000    0.5154
  1272.000    0.4559
  1273.000    0.4118
  1274.000    0.3803
  1275.000    0.3596
  1276.000    0.3485
  1277.000    0.3465
  1278.000    0.3537
  1279.000    0.3710
  1280.000    0.3997
  1281.000    0.4416
  1282.000    0.4984
  1283.000    0.5708
  1284.000    0.6554
  1285.000    0.7420
  1286.000    0.8114
  1287.000    0.8414
  1288.000    0.8192
  1289.000    0.7508
  1290.000    0.6572
  1291.000    0.5599
  1292.000    0.4722
  1293.000    0.3987
  1294.000    0.3395
  1295.000    0.2924
  1296.000    0.2551
  1297.000    0.2255
  1298.000    0.2018
  1299.000    0.1828
  1300.000    0.1674
  1301.000    0.1549
  1302.000    0.1447
  1303.000    0.1365
  1304.000    0.1298
  1305.000    0.1245
  1306.000    0.1204
  1307.000    0.1173
  1308.000    0.1152
  1309.000    0.1140
  1310.000    0.1136
  1311.000    0.1141
  1312.000    0.1155
  1313.000    0.1179
  1314.000    0.1212
  1315.000    0.1258
  1316.000    0.1317
  1317.000    0.1392
  1318.000    0.1487
  1319.000    0.1605
  1320.000    0.1752
  1321.000    0.1937
  1322.000    0.2170
  1323.000    0.2463
  1324.000    0.2836
  1325.000    0.3311
  1326.000    0.3911
  1327.000    0.4657
  1328.000    0.5547
  1329.000    0.6523
  1330.000    0.7431
  1331.000    0.8028
  1332.000    0.8093
  1333.000    0.7599
  1334.000    0.6739
  1335.000    0.5766
  1336.000    0.4856
  1337.000    0.4084
  1338.000    0.3461
  1339.000    0.2968
  1340.000    0.2583
  1341.000    0.2281
  1342.000    0.2045
  1343.000    0.1859
  1344.000    0.1713
  1345.000    0.1598
  1346.000    0.1509
  1347.000    0.1441
  1348.000    0.1391
  1349.000    0.1356
  1350.000    0.1335
  1351.000    0.1326
  1352.000    0.1329
  1353.000    0.1344
  1354.000    0.1372
  1355.000    0.1412
  1356.000    0.1466
  1357.000    0.1536
  1358.000    0.1625
  1359.000    0.1736
  1360.000    0.1874
  1361.000    0.2045
  1362.000    0.2258
  1363.000    0.2524
  1364.000    0.2859
  1365.000    0.3281
  1366.000    0.3814
  1367.000    0.4483
  1368.000    0.5302
  1369.000    0.6258
  1370.000    0.7268
  1371.000    0.8148
  1372.000    0.8651
  1373.000    0.8603
  1374.000    0.8050
  1375.000    0.7215
  1376.000    0.6339
  1377.000    0.5571
  1378.000    0.4967
  1379.000    0.4533
  1380.000    0.4255
  1381.000    0.4116
  1382.000    0.4107
  1383.000    0.4222
  1384.000    0.4462
  1385.000    0.4823
  1386.000    0.5293
  1387.000    0.5834
  1388.000    0.6383
  1389.000    0.6867
  1390.000    0.7232
  1391.000    0.7448
  1392.000    0.7510
  1393.000    0.7441
  1394.000    0.7295
  1395.000    0.7147
  1396.000    0.7063
  1397.000    0.7084
  1398.000    0.7233
  1399.000    0.7523
  1400.000    0.7972
  1401.000    0.8609
  1402.000    0.9475
  1403.000    1.0621
  1404.000    1.2089
  1405.000    1.3878
  1406.000    1.5869
  1407.000    1.7756
  1408.000    1.9078
  1409.000    1.9452
  1410.000    1.8862
  1411.000    1.7645
  1412.000    1.6188
  1413.000    1.4686
  1414.000    1.3166
  1415.000    1.1624
  1416.000    1.0112
  1417.000    0.8722
  1418.000    0.7528
  1419.000    0.6560
  1420.000    0.5810
  1421.000    0.5256
  1422.000    0.4872
  1423.000    0.4633
  1424.000    0.4514
  1425.000    0.4484
  1426.000    0.4498
  1427.000    0.4496
  1428.000    0.4409
  1429.000    0.4195
  1430.000    0.3860
  1431.000    0.3458
  1432.000    0.3053
  1433.000    0.2687
  1434.000    0.2374
  1435.000    0.2117
  1436.000    0.1906
  1437.000    0.1733
  1438.000    0.1592
  1439.000    0.1475
  1440.000    0.1378
  1441.000    0.1297
  1442.000    0.1229
  1443.000    0.1172
  1444.000    0.1124
  1445.000    0.1084
  1446.000    0.1050
  1447.000    0.1023
  1448.000    0.1002
  1449.000    0.0986
  1450.000    0.0974
  1451.000    0.0968
  1452.000    0.0966
  1453.000    0.0969
  1454.000    0.0978
  1455.000    0.0992
  1456.000    0.1011
  1457.000    0.1037
  1458.000    0.1071
  1459.000    0.1113
  1460.000    0.1165
  1461.000    0.1228
  1462.000    0.1306
  1463.000    0.1401
  1464.000    0.1518
  1465.000    0.1662
  1466.000    0.1839
  1467.000    0.2061
  1468.000    0.2339
  1469.000    0.2690
  1470.000    0.3134
  1471.000    0.3695
  1472.000    0.4396
  1473.000    0.5241
  1474.000    0.6190
  1475.000    0.7122
  1476.000    0.7822
  1477.000    0.8068
  1478.000    0.7773
  1479.000    0.7056
  1480.000    0.6141
  1481.000    0.5225
  1482.000    0.4418
  1483.000    0.3753
  1484.000    0.3227
  1485.000    0.2816
  1486.000    0.2500
  1487.000    0.2258
  1488.000    0.2076
  1489.000    0.1940
  1490.000    0.1844
  1491.000    0.1782
  1492.000    0.1749
  1493.000    0.1744
  1494.000    0.1766
  1495.000    0.1817
  1496.000    0.1899
  1497.000    0.2017
  1498.000    0.2177
  1499.000    0.2389
  1500.000    0.2667
  1501.000    0.3028
  1502.000    0.3493
  1503.000    0.4087
  1504.000    0.4828
  1505.000    0.5712
  1506.000    0.6678
  1507.000    0.7568
  1508.000    0.8143
  1509.000    0.8192
  1510.000    0.7698
  1511.000    0.6846
  1512.000    0.5885
  1513.000    0.4986
  1514.000    0.4225
  1515.000    0.3614
  1516.000    0.3135
  1517.000    0.2764
  1518.000    0.2480
  1519.000    0.2265
  1520.000    0.2103
  1521.000    0.1987
  1522.000    0.1908
  1523.000    0.1861
  1524.000    0.1844
  1525.000    0.1857
  1526.000    0.1898
  1527.000    0.1972
  1528.000    0.2081
  1529.000    0.2232
  1530.000    0.2434
  1531.000    0.2699
  1532.000    0.3040
  1533.000    0.3474
  1534.000    0.4009
  1535.000    0.4640
  1536.000    0.5330
  1537.000    0.6001
  1538.000    0.6562
  1539.000    0.6940
  1540.000    0.7113
  1541.000    0.7098
  1542.000    0.6927
  1543.000    0.6638
  1544.000    0.6261
  1545.000    0.5827
  1546.000    0.5367
  1547.000    0.4928
  1548.000    0.4565
  1549.000    0.4314
  1550.000    0.4194
  1551.000    0.4201
  1552.000    0.4318
  1553.000    0.4506
  1554.000    0.4714
  1555.000    0.4899
  1556.000    0.5048
  1557.000    0.5173
  1558.000    0.5275
  1559.000    0.5346
  1560.000    0.5377
  1561.000    0.5374
  1562.000    0.5357
  1563.000    0.5342
  1564.000    0.5330
  1565.000    0.5306
  1566.000    0.5255
  1567.000    0.5182
  1568.000    0.5112
  1569.000    0.5080
  1570.000    0.5120
  1571.000    0.5245
  1572.000    0.5434
  1573.000    0.5629
  1574.000    0.5756
  1575.000    0.5778
  1576.000    0.5731
  1577.000    0.5693
  1578.000    0.5721
  1579.000    0.5832
  1580.000    0.6004
  1581.000    0.6194
  1582.000    0.6367
  1583.000    0.6500
  1584.000    0.6579
  1585.000    0.6582
  1586.000    0.6473
  1587.000    0.6225
  1588.000    0.5838
  1589.000    0.5353
  1590.000    0.4839
  1591.000    0.4365
  1592.000    0.3975
  1593.000    0.3683
  1594.000    0.3487
  1595.000    0.3378
  1596.000    0.3350
  1597.000    0.3397
  1598.000    0.3521
  1599.000    0.3727
  1600.000    0.4023
  1601.000    0.4428
  1602.000    0.4963
  1603.000    0.5657
  1604.000    0.6542
  1605.000    0.7643
  1606.000    0.8951
  1607.000    1.0389
  1608.000    1.1782
  1609.000    1.2909
  1610.000    1.3656
  1611.000    1.4122
  1612.000    1.4526
  1613.000    1.5012
  1614.000    1.5559
  1615.000    1.6019
  1616.000    1.6206
  1617.000    1.5969
  1618.000    1.5235
  1619.000    1.4037
  1620.000    1.2504
  1621.000    1.0826
  1622.000    0.9187
  1623.000    0.7719
  1624.000    0.6478
  1625.000    0.5461
  1626.000    0.4641
  1627.000    0.3981
  1628.000    0.3448
  1629.000    0.3014
  1630.000    0.2657
  1631.000    0.2362
  1632.000    0.2114
  1633.000    0.1905
  1634.000    0.1727
  1635.000    0.1574
  1636.000    0.1441
  1637.000    0.1326
  1638.000    0.1225
  1639.000    0.1136
  1640.000    0.1057
  1641.000    0.0986
  1642.000    0.0923
  1643.000    0.0867
  1644.000    0.0816
  1645.000    0.0769
  1646.000    0.0727
  1647.000    0.0689
  1648.000    0.0654
  1649.000    0.0622
  1650.000    0.0592
  1651.000    0.0565
  1652.000    0.0539
  1653.000    0.0516
  1654.000    0.0494
  1655.000    0.0474
  1656.000    0.0455
  1657.000    0.0437
  1658.000    0.0421
  1659.000    0.0406
  1660.000    0.0391
  1661.000    0.0377
  1662.000    0.0365
  1663.000    0.0352
  1664.000    0.0341
  1665.000    0.0330
  1666.000    0.0320
  1667.000    0.0310
  1668.000    0.0301
  1669.000    0.0292
  1670.000    0.0284
  1671.000    0.0276
  1672.000    0.0269
  1673.000    0.0262
  1674.000    0.0255
  1675.000    0.0248
  1676.000    0.0242
  1677.000    0.0236
  1678.000    0.0230
  1679.000    0.0225
  1680.000    0.0220
  1681.000    0.0215
  1682.000    0.0210
  1683.000    0.0205
  1684.000    0.0201
  1685.000    0.0196
  1686.000    0.0192
  1687.000    0.0188
  1688.000    0.0184
  1689.000    0.0181
  1690.000    0.0177
  1691.000    0.0174
  1692.000    0.0170
  1693.000    0.0167
  1694.000    0.0164
  1695.000    0.0161
  1696.000    0.0158
  1697.000    0.0155
  1698.000    0.0152
  1699.000    0.0150
  1700.000    0.0147
  1701.000    0.0145
  1702.000    0.0142
  1703.000    0.0140
  1704.000    0.0138
  1705.000    0.0135
  1706.000    0.0133
  1707.000    0.0131
  1708.000    0.0129
  1709.000    0.0127
  1710.000    0.0125
  1711.000    0.0123
  1712.000    0.0122
  1713.000    0.0120
  1714.000    0.0118
  1715.000    0.0117
  1716.000    0.0115
  1717.000    0.0113
  1718.000    0.0112
  1719.000    0.0110
  1720.000    0.0109
  1721.000    0.0107
  1722.000    0.0106
  1723.000    0.0105
  1724.000    0.0103
  1725.000    0.0102
  1726.000    0.0101
  1727.000    0.0099
  1728.000    0.0098
  1729.000    0.0097
  1730.000    0.0096
  1731.000    0.0095
  1732.000    0.0093
  1733.000    0.0092
  1734.000    0.0091
  1735.000    0.0090
  1736.000    0.0089
  1737.000    0.0088
  1738.000    0.0087
  1739.000    0.0086
  1740.000    0.0085
  1741.000    0.0084
  1742.000    0.0083
  1743.000    0.0083
  1744.000    0.0082
  1745.000    0.0081
  1746.000    0.0080
  1747.000    0.0079
  1748.000    0.0078
  1749.000    0.0078
  1750.000    0.0077
  1751.000    0.0076
  1752.000    0.0075
  1753.000    0.0075
  1754.000    0.0074
  1755.000    0.0073
  1756.000    0.0072
  1757.000    0.0072
  1758.000    0.0071
  1759.000    0.0070
  1760.000    0.0070
  1761.000    0.0069
  1762.000    0.0068
  1763.000    0.0068
  1764.000    0.0067
  1765.000    0.0067
  1766.000    0.0066
  1767.000    0.0065
  1768.000    0.0065
  1769.000    0.0064
  1770.000    0.0064
  1771.000    0.0063
  1772.000    0.0063
  1773.000    0.0062
  1774.000    0.0062
  1775.000    0.0061
  1776.000    0.0061
  1777.000    0.0060
  1778.000    0.0060
  1779.000    0.0059
  1780.000    0.0059
  1781.000    0.0058
  1782.000    0.0058
  1783.000    0.0057
  1784.000    0.0057
  1785.000    0.0056
  1786.000    0.0056
  1787.000    0.0056
  1788.000    0.0055
  1789.000    0.0055
  1790.000    0.0054
  1791.000    0.0054
  1792.000    0.0054
  1793.000    0.0053
  1794.000    0.0053
  1795.000    0.0052
  1796.000    0.0052
  1797.000    0.0052
  1798.000    0.0051
  1799.000    0.0051
  1800.000    0.0051
  1801.000    0.0050
  1802.000    0.0050
  1803.000    0.0049
  1804.000    0.0049
  1805.000    0.0049
  1806.000    0.0048
  1807.000    0.0048
  1808.000    0.0048
  1809.000    0.0048
  1810.000    0.0047
  1811.000    0.0047
  1812.000    0.0047
  1813.000    0.0046
  1814.000    0.0046
  1815.000    0.0046
  1816.000    0.0045
  1817.000    0.0045
  1818.000    0.0045
  1819.000    0.0045
  1820.000    0.0044
  1821.000    0.0044
  1822.000    0.0044
  1823.000    0.0043
  1824.000    0.0043
  1825.000    0.0043
  1826.000    0.0043
  1827.000    0.0042
  1828.000    0.0042
  1829.000    0.0042
  1830.000    0.0042
  1831.000    0.0041
  1832.000    0.0041
  1833.000    0.0041
  1834.000    0.0041
  1835.000    0.0040
  1836.000    0.0040
  1837.000    0.0040
  1838.000    0.0040
  1839.000    0.0040
  1840.000    0.0039
  1841.000    0.0039
  1842.000    0.0039
  1843.000    0.0039
  1844.000    0.0038
  1845.000    0.0038
  1846.000    0.0038
  1847.000    0.0038
  1848.000    0.0038
  1849.000    0.0037
  1850.000    0.0037
  1851.000    0.0037
  1852.000    0.0037
  1853.000    0.0037
  1854.000    0.0036
  1855.000    0.0036
  1856.000    0.0036
  1857.000    0.0036
  1858.000    0.0036
  1859.000    0.0035
  1860.000    0.0035
  1861.000    0.0035
  1862.000    0.0035
  1863.000    0.0035
  1864.000    0.0035
  1865.000    0.0034
  1866.000    0.0034
  1867.000    0.0034
  1868.000    0.0034
  1869.000    0.0034
  1870.000    0.0034
  1871.000    0.0033
  1872.000    0.0033
  1873.000    0.0033
  1874.000    0.0033
  1875.000    0.0033
  1876.000    0.0033
  1877.000    0.0032
  1878.000    0.0032
  1879.000    0.0032
  1880.000    0.0032
  1881.000    0.0032
  1882.000    0.0032
  1883.000    0.0032
  1884.000    0.0031
  1885.000    0.0031
  1886.000    0.0031
  1887.000    0.0031
  1888.000    0.0031
  1889.000    0.0031
  1890.000    0.0031
  1891.000    0.0030
  1892.000    0.0030
  1893.000    0.0030
  1894.000    0.0030
  1895.000    0.0030
  1896.000    0.0030
  1897.000    0.0030
  1898.000    0.0029
  1899.000    0.0029
  1900.000    0.0029
  1901.000    0.0029
  1902.000    0.0029
  1903.000    0.0029
  1904.000    0.0029
  1905.000    0.0029
  1906.000    0.0029
  1907.000    0.0028
  1908.000    0.0028
  1909.000    0.0028
  1910.000    0.0028
  1911.000    0.0028
  1912.000    0.0028
  1913.000    0.0028
  1914.000    0.0028
  1915.000    0.0027
  1916.000    0.0027
  1917.000    0.0027
  1918.000    0.0027
  1919.000    0.0027
  1920.000    0.0027
  1921.000    0.0027
  1922.000    0.0027
  1923.000    0.0027
  1924.000    0.0026
  1925.000    0.0026
  1926.000    0.0026
  1927.000    0.0026
  1928.000    0.0026
  1929.000    0.0026
  1930.000    0.0026
  1931.000    0.0026
  1932.000    0.0026
  1933.000    0.0026
  1934.000    0.0025
  1935.000    0.0025
  1936.000    0.0025
  1937.000    0.0025
  1938.000    0.0025
  1939.000    0.0025
  1940.000    0.0025
  1941.000    0.0025
  1942.000    0.0025
  1943.000    0.0025
  1944.000    0.0025
  1945.000    0.0024
  1946.000    0.0024
  1947.000    0.0024
  1948.000    0.0024
  1949.000    0.0024
  1950.000    0.0024
  1951.000    0.0024
  1952.000    0.0024
  1953.000    0.0024
  1954.000    0.0024
  1955.000    0.0024
  1956.000    0.0024
  1957.000    0.0023
  1958.000    0.0023
  1959.000    0.0023
  1960.000    0.0023
  1961.000    0.0023
  1962.000    0.0023
  1963.000    0.0023
  1964.000    0.0023
  1965.000    0.0023
  1966.000    0.0023
  1967.000    0.0023
  1968.000    0.0023
  1969.000    0.0022
  1970.000    0.0022
  1971.000    0.0022
  1972.000    0.0022
  1973.000    0.0022
  1974.000    0.0022
  1975.000    0.0022
  1976.000    0.0022
  1977.000    0.0022
  1978.000    0.0022
  1979.000    0.0022
  1980.000    0.0022
  1981.000    0.0022
  1982.000    0.0022
  1983.000    0.0021
  1984.000    0.0021
  1985.000    0.0021
  1986.000    0.0021
  1987.000    0.0021
  1988.000    0.0021
  1989.000    0.0021
  1990.000    0.0021
  1991.000    0.0021
  1992.000    0.0021
  1993.000    0.0021
  1994.000    0.0021
  1995.000    0.0021
  1996.000    0.0021
  1997.000    0.0021
  1998.000    0.0020
  1999.000    0.0020
  2000.000    0.0020
  2001.000    0.0020
  2002.000    0.0020
  2003.000    0.0020
  2004.000    0.0020
  2005.000    0.0020
  2006.000    0.0020
  2007.000    0.0020
  2008.000    0.0020
  2009.000    0.0020
  2010.000    0.0020
  2011.000    0.0020
  2012.000    0.0020
  2013.000    0.0020
  2014.000    0.0020
  2015.000    0.0019
  2016.000    0.0019
  2017.000    0.0019
  2018.000    0.0019
  2019.000    0.0019
  2020.000    0.0019
  2021.000    0.0019
  2022.000    0.0019
  2023.000    0.0019
  2024.000    0.0019
  2025.000    0.0019
  2026.000    0.0019
  2027.000    0.0019
  2028.000    0.0019
  2029.000    0.0019
  2030.000    0.0019
  2031.000    0.0019
  2032.000    0.0019
  2033.000    0.0019
  2034.000    0.0018
  2035.000    0.0018
  2036.000    0.0018
  2037.000    0.0018
  2038.000    0.0018
  2039.000    0.0018
  2040.000    0.0018
  2041.000    0.0018
  2042.000    0.0018
  2043.000    0.0018
  2044.000    0.0018
  2045.000    0.0018
  2046.000    0.0018
  2047.000    0.0018
  2048.000    0.0018
  2049.000    0.0018
  2050.000    0.0018
  2051.000    0.0018
  2052.000    0.0018
  2053.000    0.0018
  2054.000    0.0018
  2055.000    0.0017
  2056.000    0.0017
  2057.000    0.0017
  2058.000    0.0017
  2059.000    0.0017
  2060.000    0.0017
  2061.000    0.0017
  2062.000    0.0017
  2063.000    0.0017
  2064.000    0.0017
  2065.000    0.0017
  2066.000    0.0017
  2067.000    0.0017
  2068.000    0.0017
  2069.000    0.0017
  2070.000    0.0017
  2071.000    0.0017
  2072.000    0.0017
  2073.000    0.0017
  2074.000    0.0017
  2075.000    0.0017
  2076.000    0.0017
  2077.000    0.0017
  2078.000    0.0017
  2079.000    0.0016
  2080.000    0.0016
  2081.000    0.0016
  2082.000    0.0016
  2083.000    0.0016
  2084.000    0.0016
  2085.000    0.0016
  2086.000    0.0016
  2087.000    0.0016
  2088.000    0.0016
  2089.000    0.0016
  2090.000    0.0016
  2091.000    0.0016
  2092.000    0.0016
  2093.000    0.0016
  2094.000    0.0016
  2095.000    0.0016
  2096.000    0.0016
  2097.000    0.0016
  2098.000    0.0016
  2099.000    0.0016
  2100.000    0.0016
  2101.000    0.0016
  2102.000    0.0016
  2103.000    0.0016
  2104.000    0.0016
  2105.000    0.0016
  2106.000    0.0015
  2107.000    0.0015
  2108.000    0.0015
  2109.000    0.0015
  2110.000    0.0015
  2111.000    0.0015
  2112.000    0.0015
  2113.000    0.0015
  2114.000    0.0015
  2115.000    0.0015
  2116.000    0.0015
  2117.000    0.0015
  2118.000    0.0015
  2119.000    0.0015
  2120.000    0.0015
  2121.000    0.0015
  2122.000    0.0015
  2123.000    0.0015
  2124.000    0.0015
  2125.000    0.0015
  2126.000    0.0015
  2127.000    0.0015
  2128.000    0.0015
  2129.000    0.0015
  2130.000    0.0015
  2131.000    0.0015
  2132.000    0.0015
  2133.000    0.0015
  2134.000    0.0015
  2135.000    0.0015
  2136.000    0.0015
  2137.000    0.0015
  2138.000    0.0014
  2139.000    0.0014
  2140.000    0.0014
  2141.000    0.0014
  2142.000    0.0014
  2143.000    0.0014
  2144.000    0.0014
  2145.000    0.0014
  2146.000    0.0014
  2147.000    0.0014
  2148.000    0.0014
  2149.000    0.0014
  2150.000    0.0014
  2151.000    0.0014
  2152.000    0.0014
  2153.000    0.0014
  2154.000    0.0014
  2155.000    0.0014
  2156.000    0.0014
  2157.000    0.0014
  2158.000    0.0014
  2159.000    0.0014
  2160.000    0.0014
  2161.000    0.0014
  2162.000    0.0014
  2163.000    0.0014
  2164.000    0.0014
  2165.000    0.0014
  2166.000    0.0014
  2167.000    0.0014
  2168.000    0.0014
  2169.000    0.0014
  2170.000    0.0014
  2171.000    0.0014
  2172.000    0.0014
  2173.000    0.0014
  2174.000    0.0014
  2175.000    0.0014
  2176.000    0.0013
  2177.000    0.0013
  2178.000    0.0013
  2179.000    0.0013
  2180.000    0.0013
  2181.000    0.0013
  2182.000    0.0013
  2183.000    0.0013
  2184.000    0.0013
  2185.000    0.0013
  2186.000    0.0013
  2187.000    0.0013
  2188.000    0.0013
  2189.000    0.0013
  2190.000    0.0013
  2191.000    0.0013
  2192.000    0.0013
  2193.000    0.0013
  2194.000    0.0013
  2195.000    0.0013
  2196.000    0.0013
  2197.000    0.0013
  2198.000    0.0013
  2199.000    0.0013
  2200.000    0.0013
  2201.000    0.0013
  2202.000    0.0013
  2203.000    0.0013
  2204.000    0.0013
  2205.000    0.0013
  2206.000    0.0013
  2207.000    0.0013
  2208.000    0.0013
  2209.000    0.0013
  2210.000    0.0013
  2211.000    0.0013
  2212.000    0.0013
  2213.000    0.0013
  2214.000    0.0013
  2215.000    0.0013
  2216.000    0.0013
  2217.000    0.0013
  2218.000    0.0013
  2219.000    0.0013
  2220.000    0.0013
  2221.000    0.0013
  2222.000    0.0013
  2223.000    0.0013
  2224.000    0.0012
  2225.000    0.0012
  2226.000    0.0012
  2227.000    0.0012
  2228.000    0.0012
  2229.000    0.0012
  2230.000    0.0012
  2231.000    0.0012
  2232.000    0.0012
  2233.000    0.0012
  2234.000    0.0012
  2235.000    0.0012
  2236.000    0.0012
  2237.000    0.0012
  2238.000    0.0012
  2239.000    0.0012
  2240.000    0.0012
  2241.000    0.0012
  2242.000    0.0012
  2243.000    0.0012
  2244.000    0.0012
  2245.000    0.0012
  2246.000    0.0012
  2247.000    0.0012
  2248.000    0.0012
  2249.000    0.0012
  2250.000    0.0012
  2251.000    0.0012
  2252.000    0.0012
  2253.000    0.0012
  2254.000    0.0012
  2255.000    0.0012
  2256.000    0.0012
  2257.000    0.0012
  2258.000    0.0012
  2259.000    0.0012
  2260.000    0.0012
  2261.000    0.0012
  2262.000    0.0012
  2263.000    0.0012
  2264.000    0.0012
  2265.000    0.0012
  2266.000    0.0012
  2267.000    0.0012
  2268.000    0.0012
  2269.000    0.0012
  2270.000    0.0012
  2271.000    0.0012
  2272.000    0.0012
  2273.000    0.0012
  2274.000    0.0012
  2275.000    0.0012
  2276.000    0.0012
  2277.000    0.0012
  2278.000    0.0012
  2279.000    0.0012
  2280.000    0.0012
  2281.000    0.0012
  2282.000    0.0012
  2283.000    0.0012
  2284.000    0.0012
  2285.000    0.0012
  2286.000    0.0012
  2287.000    0.0012
  2288.000    0.0012
  2289.000    0.0011
  2290.000    0.0011
  2291.000    0.0011
  2292.000    0.0011
  2293.000    0.0011
  2294.000    0.0011
  2295.000    0.0011
  2296.000    0.0011
  2297.000    0.0011
  2298.000    0.0011
  2299.000    0.0011
  2300.000    0.0011
  2301.000    0.0011
  2302.000    0.0011
  2303.000    0.0011
  2304.000    0.0011
  2305.000    0.0011
  2306.000    0.0011
  2307.000    0.0011
  2308.000    0.0011
  2309.000    0.0011
  2310.000    0.0011
  2311.000    0.0011
  2312.000    0.0011
  2313.000    0.0011
  2314.000    0.0011
  2315.000    0.0011
  2316.000    0.0011
  2317.000    0.0011
  2318.000    0.0011
  2319.000    0.0011
  2320.000    0.0011
  2321.000    0.0011
  2322.000    0.0011
  2323.000    0.0011
  2324.000    0.0011
  2325.000    0.0011
  2326.000    0.0011
  2327.000    0.0011
  2328.000    0.0011
  2329.000    0.0011
  2330.000    0.0011
  2331.000    0.0011
  2332.000    0.0011
  2333.000    0.0011
  2334.000    0.0011
  2335.000    0.0011
  2336.000    0.0011
  2337.000    0.0011
  2338.000    0.0011
  2339.000    0.0011
  2340.000    0.0011
  2341.000    0.0011
  2342.000    0.0011
  2343.000    0.0011
  2344.000    0.0011
  2345.000    0.0011
  2346.000    0.0011
  2347.000    0.0011
  2348.000    0.0011
  2349.000    0.0011
  2350.000    0.0011
  2351.000    0.0011
  2352.000    0.0011
  2353.000    0.0011
  2354.000    0.0011
  2355.000    0.0011
  2356.000    0.0011
  2357.000    0.0011
  2358.000    0.0011
  2359.000    0.0011
  2360.000    0.0011
  2361.000    0.0011
  2362.000    0.0011
  2363.000    0.0011
  2364.000    0.0011
  2365.000    0.0011
  2366.000    0.0011
  2367.000    0.0011
  2368.000    0.0011
  2369.000    0.0011
  2370.000    0.0011
  2371.000    0.0011
  2372.000    0.0011
  2373.000    0.0011
  2374.000    0.0011
  2375.000    0.0011
  2376.000    0.0011
  2377.000    0.0011
  2378.000    0.0011
  2379.000    0.0011
  2380.000    0.0011
  2381.000    0.0011
  2382.000    0.0011
  2383.000    0.0011
  2384.000    0.0011
  2385.000    0.0011
  2386.000    0.0011
  2387.000    0.0011
  2388.000    0.0011
  2389.000    0.0011
  2390.000    0.0011
  2391.000    0.0011
  2392.000    0.0011
  2393.000    0.0011
  2394.000    0.0011
  2395.000    0.0011
  2396.000    0.0011
  2397.000    0.0011
  2398.000    0.0011
  2399.000    0.0011
  2400.000    0.0011
  2401.000    0.0011
  2402.000    0.0011
  2403.000    0.0011
  2404.000    0.0011
  2405.000    0.0011
  2406.000    0.0011
  2407.000    0.0011
  2408.000    0.0011
  2409.000    0.0011
  2410.000    0.0011
  2411.000    0.0011
  2412.000    0.0011
  2413.000    0.0011
  2414.000    0.0011
  2415.000    0.0011
  2416.000    0.0011
  2417.000    0.0011
  2418.000    0.0011
  2419.000    0.0011
  2420.000    0.0011
  2421.000    0.0011
  2422.000    0.0011
  2423.000    0.0011
  2424.000    0.0011
  2425.000    0.0010
  2426.000    0.0010
  2427.000    0.0010
  2428.000    0.0010
  2429.000    0.0010
  2430.000    0.0010
  2431.000    0.0010
  2432.000    0.0010
  2433.000    0.0010
  2434.000    0.0010
  2435.000    0.0010
  2436.000    0.0010
  2437.000    0.0010
  2438.000    0.0010
  2439.000    0.0010
  2440.000    0.0010
  2441.000    0.0010
  2442.000    0.0010
  2443.000    0.0010
  2444.000    0.0010
  2445.000    0.0010
  2446.000    0.0010
  2447.000    0.0010
  2448.000    0.0010
  2449.000    0.0010
  2450.000    0.0010
  2451.000    0.0010
  2452.000    0.0010
  2453.000    0.0010
  2454.000    0.0010
  2455.000    0.0010
  2456.000    0.0010
  2457.000    0.0010
  2458.000    0.0010
  2459.000    0.0010
  2460.000    0.0010
  2461.000    0.0010
  2462.000    0.0010
  2463.000    0.0010
  2464.000    0.0010
  2465.000    0.0010
  2466.000    0.0010
  2467.000    0.0010
  2468.000    0.0010
  2469.000    0.0010
  2470.000    0.0010
  2471.000    0.0010
  2472.000    0.0010
  2473.000    0.0010
  2474.000    0.0010
  2475.000    0.0010
  2476.000    0.0010
  2477.000    0.0010
  2478.000    0.0010
  2479.000    0.0010
  2480.000    0.0010
  2481.000    0.0010
  2482.000    0.0011
  2483.000    0.0011
  2484.000    0.0011
  2485.000    0.0011
  2486.000    0.0011
  2487.000    0.0011
  2488.000    0.0011
  2489.000    0.0011
  2490.000    0.0011
  2491.000    0.0011
  2492.000    0.0011
  2493.000    0.0011
  2494.000    0.0011
  2495.000    0.0011
  2496.000    0.0011
  2497.000    0.0011
  2498.000    0.0011
  2499.000    0.0011
  2500.000    0.0011
  2501.000    0.0011
  2502.000    0.0011
  2503.000    0.0011
  2504.000    0.0011
  2505.000    0.0011
  2506.000    0.0011
  2507.000    0.0011
  2508.000    0.0011
  2509.000    0.0011
  2510.000    0.0011
  2511.000    0.0011
  2512.000    0.0011
  2513.000    0.0011
  2514.000    0.0011
  2515.000    0.0011
  2516.000    0.0011
  2517.000    0.0011
  2518.000    0.0011
  2519.000    0.0011
  2520.000    0.0011
  2521.000    0.0011
  2522.000    0.0011
  2523.000    0.0011
  2524.000    0.0011
  2525.000    0.0011
  2526.000    0.0011
  2527.000    0.0011
  2528.000    0.0011
  2529.000    0.0011
  2530.000    0.0011
  2531.000    0.0011
  2532.000    0.0011
  2533.000    0.0011
  2534.000    0.0011
  2535.000    0.0011
  2536.000    0.0011
  2537.000    0.0011
  2538.000    0.0011
  2539.000    0.0011
  2540.000    0.0011
  2541.000    0.0011
  2542.000    0.0011
  2543.000    0.0011
  2544.000    0.0011
  2545.000    0.0011
  2546.000    0.0011
  2547.000    0.0011
  2548.000    0.0011
  2549.000    0.0011
  2550.000    0.0011
  2551.000    0.0011
  2552.000    0.0011
  2553.000    0.0011
  2554.000    0.0011
  2555.000    0.0011
  2556.000    0.0011
  2557.000    0.0011
  2558.000    0.0011
  2559.000    0.0011
  2560.000    0.0011
  2561.000    0.0011
  2562.000    0.0011
  2563.000    0.0011
  2564.000    0.0011
  2565.000    0.0011
  2566.000    0.0011
  2567.000    0.0011
  2568.000    0.0011
  2569.000    0.0011
  2570.000    0.0011
  2571.000    0.0011
  2572.000    0.0011
  2573.000    0.0011
  2574.000    0.0011
  2575.000    0.0011
  2576.000    0.0011
  2577.000    0.0011
  2578.000    0.0011
  2579.000    0.0011
  2580.000    0.0011
  2581.000    0.0011
  2582.000    0.0011
  2583.000    0.0011
  2584.000    0.0011
  2585.000    0.0011
  2586.000    0.0011
  2587.000    0.0011
  2588.000    0.0011
  2589.000    0.0011
  2590.000    0.0011
  2591.000    0.0011
  2592.000    0.0011
  2593.000    0.0011
  2594.000    0.0011
  2595.000    0.0011
  2596.000    0.0011
  2597.000    0.0011
  2598.000    0.0011
  2599.000    0.0012
  2600.000    0.0012
  2601.000    0.0012
  2602.000    0.0012
  2603.000    0.0012
  2604.000    0.0012
  2605.000    0.0012
  2606.000    0.0012
  2607.000    0.0012
  2608.000    0.0012
  2609.000    0.0012
  2610.000    0.0012
  2611.000    0.0012
  2612.000    0.0012
  2613.000    0.0012
  2614.000    0.0012
  2615.000    0.0012
  2616.000    0.0012
  2617.000    0.0012
  2618.000    0.0012
  2619.000    0.0012
  2620.000    0.0012
  2621.000    0.0012
  2622.000    0.0012
  2623.000    0.0012
  2624.000    0.0012
  2625.000    0.0012
  2626.000    0.0012
  2627.000    0.0012
  2628.000    0.0012
  2629.000    0.0012
  2630.000    0.0012
  2631.000    0.0012
  2632.000    0.0012
  2633.000    0.0012
  2634.000    0.0012
  2635.000    0.0012
  2636.000    0.0012
  2637.000    0.0012
  2638.000    0.0012
  2639.000    0.0012
  2640.000    0.0012
  2641.000    0.0012
  2642.000    0.0012
  2643.000    0.0012
  2644.000    0.0012
  2645.000    0.0012
  2646.000    0.0012
  2647.000    0.0012
  2648.000    0.0013
  2649.000    0.0013
  2650.000    0.0013
  2651.000    0.0013
  2652.000    0.0013
  2653.000    0.0013
  2654.000    0.0013
  2655.000    0.0013
  2656.000    0.0013
  2657.000    0.0013
  2658.000    0.0013
  2659.000    0.0013
  2660.000    0.0013
  2661.000    0.0013
  2662.000    0.0013
  2663.000    0.0013
  2664.000    0.0013
  2665.000    0.0013
  2666.000    0.0013
  2667.000    0.0013
  2668.000    0.0013
  2669.000    0.0013
  2670.000    0.0013
  2671.000    0.0013
  2672.000    0.0013
  2673.000    0.0013
  2674.000    0.0013
  2675.000    0.0013
  2676.000    0.0013
  2677.000    0.0013
  2678.000    0.0013
  2679.000    0.0013
  2680.000    0.0013
  2681.000    0.0013
  2682.000    0.0014
  2683.000    0.0014
  2684.000    0.0014
  2685.000    0.0014
  2686.000    0.0014
  2687.000    0.0014
  2688.000    0.0014
  2689.000    0.0014
  2690.000    0.0014
  2691.000    0.0014
  2692.000    0.0014
  2693.000    0.0014
  2694.000    0.0014
  2695.000    0.0014
  2696.000    0.0014
  2697.000    0.0014
  2698.000    0.0014
  2699.000    0.0014
  2700.000    0.0014
  2701.000    0.0014
  2702.000    0.0014
  2703.000    0.0014
  2704.000    0.0014
  2705.000    0.0014
  2706.000    0.0014
  2707.000    0.0015
  2708.000    0.0015
  2709.000    0.0015
  2710.000    0.0015
  2711.000    0.0015
  2712.000    0.0015
  2713.000    0.0015
  2714.000    0.0015
  2715.000    0.0015
  2716.000    0.0015
  2717.000    0.0015
  2718.000    0.0015
  2719.000    0.0015
  2720.000    0.0015
  2721.000    0.0015
  2722.000    0.0015
  2723.000    0.0015
  2724.000    0.0015
  2725.000    0.0015
  2726.000    0.0015
  2727.000    0.0015
  2728.000    0.0016
  2729.000    0.0016
  2730.000    0.0016
  2731.000    0.0016
  2732.000    0.0016
  2733.000    0.0016
  2734.000    0.0016
  2735.000    0.0016
  2736.000    0.0016
  2737.000    0.0016
  2738.000    0.0016
  2739.000    0.0016
  2740.000    0.0016
  2741.000    0.0016
  2742.000    0.0016
  2743.000    0.0016
  2744.000    0.0016
  2745.000    0.0016
  2746.000    0.0017
  2747.000    0.0017
  2748.000    0.0017
  2749.000    0.0017
  2750.000    0.0017
  2751.000    0.0017
  2752.000    0.0017
  2753.000    0.0017
  2754.000    0.0017
  2755.000    0.0017
  2756.000    0.0017
  2757.000    0.0017
  2758.000    0.0017
  2759.000    0.0017
  2760.000    0.0017
  2761.000    0.0018
  2762.000    0.0018
  2763.000    0.0018
  2764.000    0.0018
  2765.000    0.0018
  2766.000    0.0018
  2767.000    0.0018
  2768.000    0.0018
  2769.000    0.0018
  2770.000    0.0018
  2771.000    0.0018
  2772.000    0.0018
  2773.000    0.0018
  2774.000    0.0019
  2775.000    0.0019
  2776.000    0.0019
  2777.000    0.0019
  2778.000    0.0019
  2779.000    0.0019
  2780.000    0.0019
  2781.000    0.0019
  2782.000    0.0019
  2783.000    0.0019
  2784.000    0.0019
  2785.000    0.0019
  2786.000    0.0020
  2787.000    0.0020
  2788.000    0.0020
  2789.000    0.0020
  2790.000    0.0020
  2791.000    0.0020
  2792.000    0.0020
  2793.000    0.0020
  2794.000    0.0020
  2795.000    0.0020
  2796.000    0.0021
  2797.000    0.0021
  2798.000    0.0021
  2799.000    0.0021
  2800.000    0.0021
  2801.000    0.0021
  2802.000    0.0021
  2803.000    0.0021
  2804.000    0.0021
  2805.000    0.0021
  2806.000    0.0022
  2807.000    0.0022
  2808.000    0.0022
  2809.000    0.0022
  2810.000    0.0022
  2811.000    0.0022
  2812.000    0.0022
  2813.000    0.0022
  2814.000    0.0023
  2815.000    0.0023
  2816.000    0.0023
  2817.000    0.0023
  2818.000    0.0023
  2819.000    0.0023
  2820.000    0.0023
  2821.000    0.0023
  2822.000    0.0024
  2823.000    0.0024
  2824.000    0.0024
  2825.000    0.0024
  2826.000    0.0024
  2827.000    0.0024
  2828.000    0.0024
  2829.000    0.0025
  2830.000    0.0025
  2831.000    0.0025
  2832.000    0.0025
  2833.000    0.0025
  2834.000    0.0025
  2835.000    0.0025
  2836.000    0.0026
  2837.000    0.0026
  2838.000    0.0026
  2839.000    0.0026
  2840.000    0.0026
  2841.000    0.0026
  2842.000    0.0027
  2843.000    0.0027
  2844.000    0.0027
  2845.000    0.0027
  2846.000    0.0027
  2847.000    0.0027
  2848.000    0.0028
  2849.000    0.0028
  2850.000    0.0028
  2851.000    0.0028
  2852.000    0.0028
  2853.000    0.0029
  2854.000    0.0029
  2855.000    0.0029
  2856.000    0.0029
  2857.000    0.0029
  2858.000    0.0030
  2859.000    0.0030
  2860.000    0.0030
  2861.000    0.0030
  2862.000    0.0030
  2863.000    0.0031
  2864.000    0.0031
  2865.000    0.0031
  2866.000    0.0031
  2867.000    0.0031
  2868.000    0.0032
  2869.000    0.0032
  2870.000    0.0032
  2871.000    0.0032
  2872.000    0.0033
  2873.000    0.0033
  2874.000    0.0033
  2875.000    0.0033
  2876.000    0.0034
  2877.000    0.0034
  2878.000    0.0034
  2879.000    0.0034
  2880.000    0.0035
  2881.000    0.0035
  2882.000    0.0035
  2883.000    0.0036
  2884.000    0.0036
  2885.000    0.0036
  2886.000    0.0036
  2887.000    0.0037
  2888.000    0.0037
  2889.000    0.0037
  2890.000    0.0038
  2891.000    0.0038
  2892.000    0.0038
  2893.000    0.0039
  2894.000    0.0039
  2895.000    0.0039
  2896.000    0.0040
  2897.000    0.0040
  2898.000    0.0040
  2899.000    0.0041
  2900.000    0.0041
  2901.000    0.0041
  2902.000    0.0042
  2903.000    0.0042
  2904.000    0.0043
  2905.000    0.0043
  2906.000    0.0043
  2907.000    0.0044
  2908.000    0.0044
  2909.000    0.0045
  2910.000    0.0045
  2911.000    0.0046
  2912.000    0.0046
  2913.000    0.0046
  2914.000    0.0047
  2915.000    0.0047
  2916.000    0.0048
  2917.000    0.0048
  2918.000    0.0049
  2919.000    0.0049
  2920.000    0.0050
  2921.000    0.0050
  2922.000    0.0051
  2923.000    0.0051
  2924.000    0.0052
  2925.000    0.0052
  2926.000    0.0053
  2927.000    0.0054
  2928.000    0.0054
  2929.000    0.0055
  2930.000    0.0055
  2931.000    0.0056
  2932.000    0.0056
  2933.000    0.0057
  2934.000    0.0058
  2935.000    0.0058
  2936.000    0.0059
  2937.000    0.0060
  2938.000    0.0060
  2939.000    0.0061
  2940.000    0.0062
  2941.000    0.0063
  2942.000    0.0063
  2943.000    0.0064
  2944.000    0.0065
  2945.000    0.0066
  2946.000    0.0066
  2947.000    0.0067
  2948.000    0.0068
  2949.000    0.0069
  2950.000    0.0070
  2951.000    0.0071
  2952.000    0.0072
  2953.000    0.0072
  2954.000    0.0073
  2955.000    0.0074
  2956.000    0.0075
  2957.000    0.0076
  2958.000    0.0077
  2959.000    0.0078
  2960.000    0.0080
  2961.000    0.0081
  2962.000    0.0082
  2963.000    0.0083
  2964.000    0.0084
  2965.000    0.0085
  2966.000    0.0086
  2967.000    0.0088
  2968.000    0.0089
  2969.000    0.0090
  2970.000    0.0092
  2971.000    0.0093
  2972.000    0.0094
  2973.000    0.0096
  2974.000    0.0097
  2975.000    0.0099
  2976.000    0.0100
  2977.000    0.0102
  2978.000    0.0103
  2979.000    0.0105
  2980.000    0.0107
  2981.000    0.0109
  2982.000    0.0110
  2983.000    0.0112
  2984.000    0.0114
  2985.000    0.0116
  2986.000    0.0118
  2987.000    0.0120
  2988.000    0.0122
  2989.000    0.0124
  2990.000    0.0126
  2991.000    0.0129
  2992.000    0.0131
  2993.000    0.0133
  2994.000    0.0136
  2995.000    0.0138
  2996.000    0.0141
  2997.000    0.0144
  2998.000    0.0147
  2999.000    0.0149
  3000.000    0.0152
  3001.000    0.0155
  3002.000    0.0158
  3003.000    0.0162
  3004.000    0.0165
  3005.000    0.0169
  3006.000    0.0172
  3007.000    0.0176
  3008.000    0.0180
  3009.000    0.0183
  3010.000    0.0188
  3011.000    0.0192
  3012.000    0.0196
  3013.000    0.0201
  3014.000    0.0205
  3015.000    0.0210
  3016.000    0.0215
  3017.000    0.0220
  3018.000    0.0226
  3019.000    0.0231
  3020.000    0.0237
  3021.000    0.0243
  3022.000    0.0249
  3023.000    0.0256
  3024.000    0.0263
  3025.000    0.0270
  3026.000    0.0277
  3027.000    0.0285
  3028.000    0.0293
  3029.000    0.0302
  3030.000    0.0310
  3031.000    0.0320
  3032.000    0.0329
  3033.000    0.0339
  3034.000    0.0350
  3035.000    0.0361
  3036.000    0.0373
  3037.000    0.0385
  3038.000    0.0398
  3039.000    0.0411
  3040.000    0.0426
  3041.000    0.0441
  3042.000    0.0457
  3043.000    0.0474
  3044.000    0.0492
  3045.000    0.0510
  3046.000    0.0530
  3047.000    0.0552
  3048.000    0.0574
  3049.000    0.0599
  3050.000    0.0624
  3051.000    0.0652
  3052.000    0.0681
  3053.000    0.0713
  3054.000    0.0747
  3055.000    0.0783
  3056.000    0.0823
  3057.000    0.0865
  3058.000    0.0911
  3059.000    0.0961
  3060.000    0.1015
  3061.000    0.1075
  3062.000    0.1140
  3063.000    0.1211
  3064.000    0.1289
  3065.000    0.1376
  3066.000    0.1472
  3067.000    0.1579
  3068.000    0.1699
  3069.000    0.1833
  3070.000    0.1985
  3071.000    0.2158
  3072.000    0.2354
  3073.000    0.2581
  3074.000    0.2842
  3075.000    0.3148
  3076.000    0.3506
  3077.000    0.3931
  3078.000    0.4439
  3079.000    0.5053
  3080.000    0.5801
  3081.000    0.6723
  3082.000    0.7866
  3083.000    0.9294
  3084.000    1.1075
  3085.000    1.3271
  3086.000    1.5897
  3087.000    1.8855
  3088.000    2.1862
  3089.000    2.4482
  3090.000    2.6321
  3091.000    2.7233
  3092.000    2.7277
  3093.000    2.6509
  3094.000    2.4938
  3095.000    2.2683
  3096.000    2.0059
  3097.000    1.7451
  3098.000    1.5151
  3099.000    1.3292
  3100.000    1.1890
  3101.000    1.0907
  3102.000    1.0298
  3103.000    1.0025
  3104.000    1.0070
  3105.000    1.0437
  3106.000    1.1151
  3107.000    1.2258
  3108.000    1.3822
  3109.000    1.5911
  3110.000    1.8558
  3111.000    2.1688
  3112.000    2.5022
  3113.000    2.8014
  3114.000    2.9963
  3115.000    3.0313
  3116.000    2.8935
  3117.000    2.6184
  3118.000    2.2711
  3119.000    1.9156
  3120.000    1.5938
  3121.000    1.3223
  3122.000    1.1017
  3123.000    0.9253
  3124.000    0.7846
  3125.000    0.6719
  3126.000    0.5810
  3127.000    0.5070
  3128.000    0.4462
  3129.000    0.3956
  3130.000    0.3533
  3131.000    0.3174
  3132.000    0.2869
  3133.000    0.2606
  3134.000    0.2379
  3135.000    0.2181
  3136.000    0.2007
  3137.000    0.1854
  3138.000    0.1718
  3139.000    0.1597
  3140.000    0.1489
  3141.000    0.1391
  3142.000    0.1304
  3143.000    0.1224
  3144.000    0.1152
  3145.000    0.1087
  3146.000    0.1026
  3147.000    0.0971
  3148.000    0.0921
  3149.000    0.0874
  3150.000    0.0831
  3151.000    0.0791
  3152.000    0.0754
  3153.000    0.0720
  3154.000    0.0688
  3155.000    0.0658
  3156.000    0.0630
  3157.000    0.0604
  3158.000    0.0580
  3159.000    0.0557
  3160.000    0.0535
  3161.000    0.0515
  3162.000    0.0496
  3163.000    0.0478
  3164.000    0.0461
  3165.000    0.0444
  3166.000    0.0429
  3167.000    0.0415
  3168.000    0.0401
  3169.000    0.0388
  3170.000    0.0375
  3171.000    0.0364
  3172.000    0.0352
  3173.000    0.0342
  3174.000    0.0331
  3175.000    0.0322
  3176.000    0.0312
  3177.000    0.0303
  3178.000    0.0295
  3179.000    0.0287
  3180.000    0.0279
  3181.000    0.0271
  3182.000    0.0264
  3183.000    0.0257
  3184.000    0.0251
  3185.000    0.0244
  3186.000    0.0238
  3187.000    0.0232
  3188.000    0.0227
  3189.000    0.0221
  3190.000    0.0216
  3191.000    0.0211
  3192.000    0.0206
  3193.000    0.0201
  3194.000    0.0197
  3195.000    0.0192
  3196.000    0.0188
  3197.000    0.0184
  3198.000    0.0180
  3199.000    0.0176
  3200.000    0.0173
  3201.000    0.0169
  3202.000    0.0165
  3203.000    0.0162
  3204.000    0.0159
  3205.000    0.0156
  3206.000    0.0153
  3207.000    0.0150
  3208.000    0.0147
  3209.000    0.0144
  3210.000    0.0141
  3211.000    0.0139
  3212.000    0.0136
  3213.000    0.0133
  3214.000    0.0131
  3215.000    0.0129
  3216.000    0.0126
  3217.000    0.0124
  3218.000    0.0122
  3219.000    0.0120
  3220.000    0.0118
