   0.000000000000000         0.000000000000000
  10.000000000000000        -6.793355305608497
  20.000000000000000        -3.701463679860048
  30.000000000000000        -2.441239414794616
  40.000000000000000        -1.560121915596218
  50.000000000000000        -1.006371782192016
  60.000000000000000        -0.666722429309891
  70.000000000000000        -0.452745462735828
  80.000000000000000        -0.312188232902742
  90.000000000000000        -0.212657767423947
 100.000000000000000        -0.140538869005489
 110.000000000000000        -0.086624189392264
 120.000000000000000        -0.043665365199494
 130.000000000000000        -0.009719316440869
 140.000000000000000         0.017881463094300
 150.000000000000000         0.040866829545660
 160.000000000000000         0.060884839773049
 170.000000000000000         0.078236249528174
 180.000000000000000         0.091956864277818
 190.000000000000000         0.104392235082042
 200.000000000000000         0.115567390830989
 210.000000000000000         0.124945606926645
 220.000000000000000         0.133771295906202
 230.000000000000000         0.141278977293727
 240.000000000000000         0.147851446047856
 250.000000000000000         0.154048930009224
 260.000000000000000         0.159281864835345
 270.000000000000000         0.163803140692396
 280.000000000000000         0.168259134614905
 290.000000000000000         0.172278841198004
 300.000000000000000         0.175648555354100
 310.000000000000000         0.178698568808384
 320.000000000000000         0.181590462384868
 330.000000000000000         0.184319078954756
 340.000000000000000         0.186266857965923
 350.000000000000000         0.188225359141275
 360.000000000000000         0.190401692131800
 370.000000000000000         0.192193532508813
 380.000000000000000         0.193572870068963
 390.000000000000000         0.194631731143964
 400.000000000000000         0.196104363371367
 410.000000000000000         0.197465451600578
 420.000000000000000         0.198270627933757
 430.000000000000000         0.199002413125213
 440.000000000000000         0.200103602785337
 450.000000000000000         0.200763499873147
 460.000000000000000         0.201480555502339
 470.000000000000000         0.202017259975964
