-120	0.00205398
-119	0.002090015
-118	0.002090015
-117	0.00212605
-116	0.002162084
-115	0.002162084
-114	0.002198119
-113	0.002198119
-112	0.002234154
-111	0.002234154
-110	0.002270188
-109	0.002270188
-108	0.002306223
-107	0.002342258
-106	0.002342258
-105	0.002378293
-104	0.002378293
-103	0.002414327
-102	0.002450362
-101	0.002450362
-100	0.002486397
-99	0.002522432
-98	0.002522432
-97	0.002558466
-96	0.002594501
-95	0.002630536
-94	0.002630536
-93	0.002666571
-92	0.002702605
-91	0.00273864
-90	0.00273864
-89	0.002774675
-88	0.00281071
-87	0.002846744
-86	0.002882779
-85	0.002918814
-84	0.002954848
-83	0.002954848
-82	0.002990883
-81	0.003026918
-80	0.003062953
-79	0.003098987
-78	0.003135022
-77	0.003171057
-76	0.003207092
-75	0.003243126
-74	0.003279161
-73	0.003351231
-72	0.003387265
-71	0.0034233
-70	0.003459335
-69	0.00349537
-68	0.003531404
-67	0.003603474
-66	0.003639508
-65	0.003675543
-64	0.003747613
-63	0.003783647
-62	0.003819682
-61	0.003891752
-60	0.003927786
-59	0.003999856
-58	0.004035891
-57	0.00410796
-56	0.004143995
-55	0.004216064
-54	0.004288134
-53	0.004360203
-52	0.004396238
-51	0.004468307
-50	0.004540377
-49	0.004612446
-48	0.004684516
-47	0.004756585
-46	0.004828655
-45	0.004936759
-44	0.005008829
-43	0.005080898
-42	0.005189002
-41	0.005261072
-40	0.005369176
-39	0.00547728
-38	0.00554935
-37	0.005657454
-36	0.005765558
-35	0.005873662
-34	0.006017801
-33	0.006125905
-32	0.00623401
-31	0.006378149
-30	0.006522287
-29	0.006666426
-28	0.006810565
-27	0.006954704
-26	0.007134878
-25	0.007315052
-24	0.007495225
-23	0.007711434
-22	0.007891608
-21	0.008143851
-20	0.008360059
-19	0.008648337
-18	0.00890058
-17	0.009224893
-16	0.00958524
-15	0.009945588
-14	0.01034197
-13	0.010810421
-12	0.011278873
-11	0.011783359
-10	0.012287845
-9	0.012756297
-8	0.013260783
-7	0.01376527
-6	0.014269756
-5	0.014738208
-4	0.015278729
-3	0.015855284
-2	0.016467875
-1	0.01718857
0	0.018017369
1	0.018990307
2	0.020071349
3	0.021332565
4	0.022737919
5	0.024323448
6	0.026053115
7	0.027998991
8	0.030125041
9	0.032503333
10	0.035169904
11	0.038160787
12	0.041548052
13	0.045403769
14	0.049836042
15	0.054952975
16	0.060934741
17	0.067781341
18	0.075564845
19	0.084141112
20	0.093293935
21	0.102699002
22	0.111995964
23	0.120932579
24	0.129256603
25	0.136823898
26	0.14338222
27	0.148643292
28	0.152246766
29	0.154012468
30	0.154048503
31	0.152895391
32	0.151345897
33	0.150228821
34	0.150120716
35	0.151381932
36	0.153940399
37	0.157543872
38	0.161868041
39	0.166516522
40	0.171092934
41	0.175381067
42	0.179056611
43	0.182011459
44	0.184101474
45	0.185218551
46	0.185470794
47	0.185002342
48	0.184317682
49	0.183849231
50	0.183885265
51	0.184425786
52	0.185434759
53	0.186840114
54	0.188641851
55	0.190948074
56	0.193902922
57	0.197434327
58	0.201073835
59	0.204172823
60	0.206082664
61	0.206334907
62	0.205001622
63	0.20247919
64	0.199488307
65	0.196641562
66	0.194515513
67	0.193326367
68	0.193182228
69	0.193830853
70	0.195092069
71	0.196605528
72	0.198046917
73	0.199236064
74	0.200028828
75	0.20035314
76	0.200028828
77	0.199091925
78	0.197722605
79	0.19631725
80	0.195236208
81	0.194731721
82	0.194839826
83	0.195524486
84	0.196749667
85	0.19837123
86	0.200172967
87	0.201974704
88	0.203632302
89	0.205181795
90	0.206695254
91	0.208244748
92	0.209866311
93	0.211595979
94	0.21343375
95	0.215235487
96	0.216748946
97	0.217757919
98	0.218118266
99	0.217793953
100	0.21685705
101	0.21548773
102	0.213902202
103	0.212424777
104	0.211271666
105	0.210659075
106	0.210947353
107	0.212388743
108	0.215127383
109	0.219019134
110	0.223811755
111	0.229072826
112	0.234297863
113	0.239054448
114	0.242982235
115	0.246009153
116	0.248207272
117	0.249936939
118	0.251522468
119	0.253107996
120	0.254549386
121	0.255630428
122	0.256206984
123	0.256387157
124	0.256243018
125	0.25595474
126	0.255486289
127	0.254945768
128	0.25465749
129	0.254945768
130	0.256170949
131	0.258441137
132	0.261828403
133	0.266512918
134	0.272855032
135	0.281287161
136	0.292133617
137	0.305322331
138	0.320420886
139	0.336708587
140	0.353212497
141	0.368419156
142	0.380743036
143	0.388922922
144	0.392598465
145	0.392454326
146	0.389679651
147	0.38571583
148	0.381715974
149	0.378616987
150	0.377031458
151	0.377139563
152	0.378905265
153	0.381860113
154	0.385319448
155	0.388094123
156	0.388814817
157	0.386508594
158	0.381283557
159	0.374364888
160	0.367446218
161	0.36168066
162	0.357428561
163	0.354473713
164	0.352419733
165	0.351194552
166	0.350834204
167	0.351230586
168	0.35209542
169	0.353104393
170	0.353969226
171	0.354725956
172	0.35559079
173	0.356996144
174	0.359374437
175	0.362869806
176	0.366941732
177	0.37058124
178	0.372491081
179	0.371662282
180	0.367734496
181	0.360959965
182	0.352239559
183	0.343014666
184	0.334546503
185	0.327808007
186	0.323123491
187	0.320384851
188	0.319483983
189	0.320853303
190	0.324709019
191	0.330726821
192	0.337393247
193	0.342978631
194	0.34586141
195	0.344888472
196	0.339627401
197	0.330438543
198	0.318438975
199	0.305286296
200	0.292710173
201	0.282188029
202	0.274945047
203	0.27177399
204	0.272638824
205	0.276746784
206	0.282332168
207	0.287377031
208	0.290151706
209	0.289971533
210	0.287232893
211	0.283088898
212	0.278836799
213	0.275521603
214	0.273395553
215	0.272170372
216	0.271269504
217	0.27047674
218	0.270080357
219	0.270584844
220	0.272494685
221	0.27588195
222	0.28067457
223	0.286440128
224	0.292710173
225	0.299016252
226	0.305070088
227	0.310511333
228	0.315123779
229	0.319051566
230	0.322727109
231	0.326546791
232	0.330762855
233	0.335123059
234	0.339122914
235	0.341969659
236	0.342906562
237	0.341933624
238	0.339663436
239	0.336744622
240	0.333069079
241	0.32806025
242	0.32114158
243	0.312024792
244	0.300854023
245	0.287953587
246	0.273647796
247	0.258549241
248	0.243414652
249	0.229144896
250	0.216352564
251	0.205253865
252	0.195596555
253	0.186948218
254	0.178840402
255	0.171056899
256	0.163777882
257	0.157435768
258	0.152499009
259	0.149291917
260	0.147886563
261	0.147994667
262	0.14900364
263	0.15037296
264	0.151814349
265	0.153544016
266	0.155886274
267	0.159057331
268	0.163021152
269	0.167273251
270	0.171128968
271	0.173615365
272	0.173975713
273	0.172029837
274	0.168282224
275	0.163453569
276	0.158156463
277	0.152462974
278	0.146264999
279	0.139634608
280	0.133004216
281	0.126770206
282	0.121401031
283	0.117112897
284	0.114013909
285	0.112212173
286	0.111707686
287	0.11257252
288	0.114914778
289	0.118842564
290	0.124391914
291	0.131526792
292	0.139814781
293	0.148535188
294	0.156643004
295	0.163273396
296	0.168138085
297	0.171381211
298	0.173687435
299	0.175741415
300	0.177831429
301	0.179705236
302	0.180822313
303	0.180714208
304	0.179525062
305	0.177543152
306	0.175092789
307	0.172318115
308	0.168966884
309	0.164606681
310	0.158733019
311	0.151490036
312	0.143598429
313	0.136067169
314	0.129833159
315	0.125292782
316	0.122410003
317	0.121040683
318	0.121076718
319	0.122301899
320	0.124644157
321	0.127995388
322	0.132283521
323	0.137400454
324	0.143093943
325	0.149147778
326	0.155381788
327	0.161363554
328	0.166840835
329	0.17159742
330	0.175381067
331	0.178119707
332	0.179633166
333	0.180137653
334	0.17981334
335	0.178840402
336	0.177399013
337	0.175525206
338	0.173471226
339	0.17159742
340	0.1702281
341	0.169759648
342	0.170336204
343	0.171849663
344	0.174155886
345	0.177182804
346	0.181038521
347	0.185939245
348	0.191776873
349	0.198118987
350	0.204280927
351	0.209578033
352	0.213794098
353	0.217145328
354	0.22028035
355	0.223883824
356	0.228280062
357	0.233324925
358	0.238297719
359	0.242405679
360	0.244820006
361	0.245108284
362	0.243198443
363	0.239414796
364	0.234442002
365	0.229397139
366	0.225325214
367	0.222838817
368	0.221613636
369	0.220676732
370	0.218838961
371	0.215415661
372	0.21076718
373	0.206010594
374	0.202226947
375	0.200245036
376	0.200100897
377	0.201326078
378	0.203271954
379	0.205109726
380	0.206298872
381	0.206479046
382	0.205506108
383	0.203596267
384	0.201326078
385	0.199308133
386	0.198227091
387	0.198443299
388	0.200100897
389	0.203127815
390	0.207235775
391	0.212244604
392	0.217866023
393	0.223847789
394	0.229973695
395	0.235955461
396	0.241504811
397	0.246153292
398	0.249720731
399	0.252315232
400	0.254297142
401	0.255918706
402	0.256963713
403	0.257251991
404	0.256747505
405	0.255882671
406	0.255017837
407	0.254369212
408	0.254441281
409	0.255594393
410	0.258296998
411	0.262729271
412	0.268711037
413	0.275665742
414	0.282440272
415	0.287629275
416	0.290476019
417	0.291160679
418	0.290367915
419	0.288638247
420	0.285863572
421	0.281575439
422	0.275629707
423	0.268638968
424	0.261395986
425	0.254477316
426	0.248027098
427	0.242225505
428	0.237180642
429	0.232964578
430	0.229397139
431	0.2258297
432	0.221469497
433	0.215848078
434	0.209289755
435	0.202983676
436	0.198515369
437	0.197146049
438	0.199596411
439	0.205686282
440	0.214514792
441	0.224640553
442	0.234369933
443	0.242693957
444	0.249360383
445	0.254945768
446	0.259774423
447	0.263630139
448	0.265972397
449	0.266693092
450	0.266404814
451	0.265756189
452	0.265215668
453	0.264675147
454	0.263846348
455	0.262224785
456	0.259197867
457	0.254621455
458	0.249324349
459	0.244928111
460	0.242874131
461	0.243558791
462	0.246333465
463	0.249936939
464	0.253360239
465	0.256243018
466	0.258729415
467	0.260999604
468	0.262513063
469	0.262368924
470	0.259342006
471	0.252459371
472	0.241684984
473	0.228316097
474	0.214622896
475	0.202731433
476	0.193722749
477	0.187488739
478	0.183164571
479	0.179633166
480	0.175993658
481	0.171741559
482	0.166876869
483	0.161832006
484	0.157255594
485	0.153832294
486	0.152282801
487	0.152931426
488	0.155670066
489	0.159669922
490	0.163633743
491	0.16612014
492	0.166192209
493	0.16406616
494	0.16057079
495	0.157003351
496	0.154300746
497	0.153363843
498	0.154625059
499	0.158300602
500	0.164426507
501	0.172930705
502	0.183633022
503	0.196353285
504	0.210731145
505	0.226370221
506	0.242693957
507	0.259161832
508	0.275377464
509	0.291088609
510	0.30615113
511	0.320096573
512	0.331843898
513	0.339807575
514	0.34251018
515	0.33901481
516	0.329681813
517	0.315988613
518	0.300421606
519	0.285683399
520	0.273683831
521	0.265143598
522	0.259233901
523	0.254261108
524	0.24849555
525	0.241432741
526	0.234153724
527	0.228207993
528	0.224820727
529	0.223955893
530	0.224496415
531	0.224712623
532	0.223667616
533	0.221685705
534	0.219847933
535	0.219163273
536	0.220028107
537	0.222298296
538	0.225469352
539	0.228748514
540	0.231270945
541	0.232315953
542	0.231451119
543	0.228099888
544	0.221865879
545	0.212640986
546	0.201001766
547	0.188353573
548	0.176317971
549	0.165976001
550	0.157976289
551	0.152390905
552	0.149183813
553	0.148102771
554	0.14900364
555	0.151814349
556	0.156426795
557	0.162804944
558	0.170804656
559	0.180137653
560	0.190191344
561	0.199920724
562	0.208172678
563	0.214010306
564	0.217217398
565	0.218190335
566	0.217577745
567	0.216100321
568	0.214226514
569	0.212244604
570	0.210370797
571	0.208893373
572	0.208316817
573	0.209433894
574	0.213109437
575	0.219235343
576	0.226622464
577	0.233252856
578	0.237829267
579	0.240315664
580	0.241684984
581	0.243234478
582	0.245901049
583	0.250045043
584	0.255450254
585	0.260999604
586	0.265107564
587	0.266332745
588	0.264134626
589	0.259161832
590	0.252855753
591	0.246693813
592	0.241504811
593	0.237613059
594	0.234946488
595	0.23336096
596	0.232568196
597	0.231883536
598	0.230370077
599	0.226982811
600	0.220892941
601	0.211812187
602	0.200100897
603	0.186695975
604	0.173002775
605	0.160102339
606	0.148787431
607	0.139454434
608	0.131995243
609	0.126229685
610	0.121941552
611	0.118842564
612	0.116860654
613	0.115851681
614	0.115743577
615	0.116500306
616	0.118013765
617	0.120139815
618	0.122698281
619	0.125400886
620	0.127815214
621	0.129544881
622	0.130265576
623	0.129941263
624	0.128860221
625	0.127743144
626	0.127310728
627	0.128103492
628	0.130337645
629	0.133941119
630	0.138769774
631	0.144427228
632	0.150661237
633	0.157291629
634	0.164282368
635	0.171741559
636	0.17981334
637	0.188930129
638	0.199488307
639	0.211956326
640	0.22644229
641	0.242729992
642	0.259954596
643	0.276854888
644	0.291809304
645	0.303268351
646	0.310006847
647	0.311700479
648	0.309105978
649	0.30409715
650	0.298764009
651	0.294656048
652	0.292457929
653	0.292277756
654	0.294115527
655	0.297971244
656	0.303880941
657	0.31155634
658	0.32045692
659	0.33011423
660	0.340312061
661	0.350906274
662	0.361320313
663	0.370437101
664	0.376887319
665	0.380130446
666	0.380454758
667	0.378580952
668	0.375121617
669	0.370473136
670	0.365212064
671	0.359914958
672	0.355014234
673	0.35065403
674	0.346474001
675	0.341645346
676	0.335375302
677	0.327411625
678	0.318330871
679	0.30888977
680	0.299268495
681	0.28896256
682	0.277503513
683	0.265467911
684	0.254405247
685	0.246081222
686	0.241324637
687	0.240171525
688	0.242117401
689	0.246225361
690	0.251378329
691	0.256351122
692	0.260026666
693	0.261792368
694	0.261612194
695	0.26013477
696	0.258405103
697	0.257612338
698	0.258585276
699	0.261287882
700	0.264603077
701	0.266909301
702	0.266548953
703	0.262837375
704	0.256062845
705	0.247378473
706	0.238333754
707	0.23055025
708	0.225000901
709	0.221829844
710	0.220460524
711	0.219883968
712	0.219127239
713	0.217721884
714	0.215776008
715	0.213469785
716	0.211019423
717	0.208533026
718	0.206010594
719	0.203632302
720	0.201578322
721	0.200064863
722	0.199272098
723	0.199308133
724	0.200064863
725	0.201145905
726	0.202010738
727	0.202046773
728	0.200785557
729	0.198155021
730	0.194227235
731	0.189002198
732	0.182660084
733	0.175489172
734	0.16810205
735	0.161219416
736	0.155634031
737	0.151958488
738	0.150805376
739	0.152462974
740	0.156751108
741	0.163129257
742	0.170768621
743	0.178840402
744	0.186695975
745	0.193938957
746	0.20035314
747	0.206046629
748	0.211235631
749	0.216100321
750	0.220496559
751	0.22438831
752	0.227703506
753	0.230586285
754	0.23336096
755	0.236387878
756	0.239667039
757	0.242766026
758	0.244711902
759	0.244711902
760	0.24233361
761	0.237721163
762	0.231343015
763	0.223667616
764	0.215163418
765	0.206515081
766	0.19837123
767	0.191344456
768	0.185903211
769	0.182588015
770	0.181759216
771	0.183741126
772	0.18871392
773	0.196713632
774	0.207884401
775	0.222082087
776	0.238658066
777	0.255738532
778	0.27040467
779	0.279737667
780	0.28211596
781	0.278332312
782	0.270728983
783	0.261936507
784	0.253360239
785	0.245396562
786	0.237937372
787	0.230838528
788	0.224352276
789	0.219091204
790	0.215343591
791	0.213109437
792	0.211812187
793	0.210839249
794	0.209686137
795	0.208064574
796	0.205758351
797	0.202875572
798	0.199704515
799	0.196785701
800	0.194695687
801	0.193758783
802	0.194083096
803	0.19556052
804	0.197902778
805	0.200713488
806	0.203488163
807	0.205830421
808	0.207379914
809	0.208460956
810	0.209830276
811	0.212532882
812	0.217073259
813	0.222874851
814	0.228316097
815	0.231523188
816	0.230658355
817	0.224532449
818	0.213109437
819	0.197542431
820	0.179993514
821	0.162480631
822	0.146625347
823	0.133436633
824	0.123310872
825	0.116212028
826	0.111959929
827	0.110374401
828	0.111311304
829	0.114842708
830	0.121148787
831	0.130553854
832	0.143634464
833	0.161075277
834	0.183633022
835	0.211776152
836	0.24507225
837	0.281647508
838	0.317826385
839	0.34935678
840	0.373103672
841	0.387913949
842	0.394039854
843	0.392454326
844	0.384454614
845	0.37195056
846	0.356779936
847	0.340023783
848	0.321718136
849	0.301178336
850	0.277611618
851	0.250693669
852	0.221325358
853	0.191848942
854	0.164570646
855	0.140967893
856	0.121328961
857	0.105293503
858	0.092357032
859	0.081834889
860	0.073258621
861	0.066195813
862	0.060358185
863	0.055493496
864	0.051385536
865	0.047890166
866	0.044935318
867	0.042412886
868	0.040250802
869	0.03841303
870	0.036827502
871	0.035494216
872	0.034341105
873	0.033404202
874	0.032611437
875	0.031998847
876	0.031530395
877	0.031206083
878	0.031025909
879	0.030989874
880	0.031061944
881	0.031350222
882	0.031746604
883	0.032359194
884	0.033151958
885	0.034160931
886	0.035422147
887	0.037007675
888	0.038953551
889	0.041331844
890	0.044250658
891	0.047818097
892	0.052250369
893	0.057763684
894	0.064610284
895	0.073222587
896	0.083996973
897	0.097401895
898	0.113581493
899	0.132211452
900	0.151706245
901	0.169183093
902	0.181579042
903	0.1873446
904	0.187272531
905	0.183344744
906	0.177723325
907	0.171957767
908	0.167057043
909	0.163633743
910	0.162192353
911	0.163201326
912	0.166948939
913	0.173327087
914	0.181795251
915	0.191020143
916	0.198911751
917	0.20240712
918	0.198875716
919	0.187452704
920	0.169687579
921	0.148895535
922	0.128283665
923	0.109905949
924	0.094555151
925	0.082159201
926	0.072285683
927	0.064466145
928	0.058268171
929	0.053367446
930	0.04943966
931	0.046340672
932	0.04389031
933	0.041980469
934	0.040503045
935	0.039422003
936	0.038701308
937	0.038268891
938	0.038160787
939	0.038304926
940	0.038773378
941	0.039494072
942	0.04053908
943	0.0419084
944	0.043674102
945	0.045872221
946	0.048574826
947	0.051926057
948	0.055997982
949	0.060970776
950	0.067096681
951	0.074700011
952	0.084141112
953	0.095852402
954	0.110338366
955	0.127923318
956	0.148607257
957	0.171705524
958	0.195704659
959	0.218586718
960	0.238694101
961	0.254981802
962	0.267485856
963	0.276999027
964	0.284386148
965	0.289611185
966	0.290728262
967	0.284818565
968	0.270188462
969	0.247955029
970	0.221577601
971	0.195128103
972	0.171561385
973	0.152318835
974	0.137652697
975	0.127274693
976	0.120680336
977	0.117545314
978	0.117617383
979	0.120896544
980	0.127599005
981	0.138049079
982	0.152643148
983	0.17152535
984	0.194083096
985	0.218082231
986	0.2395229
987	0.253828691
988	0.258549241
989	0.254981802
990	0.247306403
991	0.240423769
992	0.238513927
993	0.244171381
994	0.25876545
995	0.28211596
996	0.312060827
997	0.343699326
998	0.369752441
999	0.383085294
1000	0.379806133
1001	0.360239271
1002	0.327880076
1003	0.288241865
1004	0.247342438
1005	0.209650103
1006	0.177471082
1007	0.151165724
1008	0.130121437
1009	0.113437354
1010	0.10017657
1011	0.089690462
1012	0.081330403
1013	0.074700011
1014	0.069438939
1015	0.065367014
1016	0.062231992
1017	0.059997838
1018	0.058556448
1019	0.057835754
1020	0.057907823
1021	0.058736622
1022	0.06046629
1023	0.06320493
1024	0.067168751
1025	0.072573961
1026	0.079852978
1027	0.089438218
1028	0.101870203
1029	0.117581348
1030	0.136679759
1031	0.158192498
1032	0.17920075
1033	0.195056034
1034	0.201001766
1035	0.195344312
1036	0.180209722
1037	0.1599582
1038	0.138697705
1039	0.119202912
1040	0.102590898
1041	0.089149941
1042	0.078483658
1043	0.070195669
1044	0.063781485
1045	0.058808692
1046	0.055061079
1047	0.052250369
1048	0.050196389
1049	0.048827069
1050	0.048034305
1051	0.047782062
1052	0.04799827
1053	0.048718965
1054	0.049944146
1055	0.051673814
1056	0.053980037
1057	0.05697092
1058	0.060754567
1059	0.065439083
1060	0.071276711
1061	0.078519693
1062	0.087564412
1063	0.098843285
1064	0.112932867
1065	0.13044575
1066	0.151850384
1067	0.177146769
1068	0.205181795
1069	0.233433029
1070	0.25869338
1071	0.278980938
1072	0.294547944
1073	0.307412346
1074	0.319556052
1075	0.33148355
1076	0.341789485
1077	0.348059529
1078	0.348780224
1079	0.344924507
1080	0.33901481
1081	0.332780801
1082	0.324817124
1083	0.311051854
1084	0.288494108
1085	0.258369068
1086	0.225181075
1087	0.19350654
1088	0.165976001
1089	0.14338222
1090	0.125364852
1091	0.111275269
1092	0.100392779
1093	0.092104789
1094	0.085942849
1095	0.081582646
1096	0.078807971
1097	0.077474686
1098	0.07758279
1099	0.079132284
1100	0.082339375
1101	0.087420273
1102	0.09469929
1103	0.104716947
1104	0.118013765
1105	0.135058196
1106	0.15577817
1107	0.178840402
1108	0.200497279
1109	0.214947209
1110	0.21685705
1111	0.205506108
1112	0.185470794
1113	0.162877013
1114	0.1420129
1115	0.124716226
1116	0.111347339
1117	0.10154589
1118	0.094735325
1119	0.090519261
1120	0.088609419
1121	0.088753558
1122	0.090951677
1123	0.095275846
1124	0.102014342
1125	0.111527513
1126	0.124355879
1127	0.140967893
1128	0.161795971
1129	0.186551836
1130	0.213577889
1131	0.239486865
1132	0.259594249
1133	0.270296566
1134	0.271918129
1135	0.268927246
1136	0.267017405
1137	0.270044323
1138	0.278656625
1139	0.291052575
1140	0.30409715
1141	0.315015675
1142	0.322222623
1143	0.325213506
1144	0.323627977
1145	0.316529134
1146	0.302908003
1147	0.282151995
1148	0.255017837
1149	0.223919859
1150	0.192317394
1151	0.163201326
1152	0.138085114
1153	0.11736514
1154	0.100536918
1155	0.086951822
1156	0.075961227
1157	0.067024612
1158	0.059673525
1159	0.053583655
1160	0.048466722
1161	0.044142553
1162	0.04046701
1163	0.037295953
1164	0.034557313
1165	0.032179021
1166	0.030089006
1167	0.028251234
1168	0.026593636
1169	0.025152247
1170	0.023854996
1171	0.02266585
1172	0.021620842
1173	0.020683939
1174	0.019819106
1175	0.019062376
1176	0.018341681
1177	0.017693056
1178	0.017080466
1179	0.016539945
1180	0.016071493
1181	0.015603041
1182	0.015170624
1183	0.014810277
1184	0.01444993
1185	0.014125617
1186	0.013837339
1187	0.013549061
1188	0.013296818
1189	0.01308061
1190	0.012864401
1191	0.012684228
1192	0.012504054
1193	0.012359915
1194	0.012215776
1195	0.012107672
1196	0.011999568
1197	0.011927498
1198	0.011819394
1199	0.011783359
1200	0.01171129
1201	0.011675255
1202	0.01163922
1203	0.01163922
1204	0.01163922
1205	0.01163922
1206	0.011675255
1207	0.01171129
1208	0.011783359
1209	0.011819394
1210	0.011927498
1211	0.011999568
1212	0.012107672
1213	0.012251811
1214	0.01239595
1215	0.012576123
1216	0.012756297
1217	0.012936471
1218	0.013188714
1219	0.013440957
1220	0.0136932
1221	0.014017513
1222	0.014341826
1223	0.014702173
1224	0.01513459
1225	0.015567007
1226	0.016071493
1227	0.016612014
1228	0.017224605
1229	0.017909265
1230	0.018665994
1231	0.019494793
1232	0.020431696
1233	0.021512738
1234	0.022701885
1235	0.024071205
1236	0.025620698
1237	0.0273864
1238	0.029476415
1239	0.031854708
1240	0.034701452
1241	0.038016648
1242	0.042016504
1243	0.046845159
1244	0.052754856
1245	0.060033873
1246	0.069078592
1247	0.080393499
1248	0.094555151
1249	0.112176138
1250	0.133472668
1251	0.157651977
1252	0.181903355
1253	0.200965731
1254	0.208857338
1255	0.202983676
1256	0.186515801
1257	0.165615653
1258	0.1454362
1259	0.128644013
1260	0.116031855
1261	0.107383518
1262	0.102374689
1263	0.100681057
1264	0.102086411
1265	0.106662823
1266	0.11455443
1267	0.126085546
1268	0.14140031
1269	0.160174408
1270	0.181002486
1271	0.201001766
1272	0.216352564
1273	0.224280206
1274	0.22446038
1275	0.219019134
1276	0.211019423
1277	0.203380058
1278	0.198443299
1279	0.197974848
1280	0.203344024
1281	0.215812043
1282	0.236171669
1283	0.264603077
1284	0.299448669
1285	0.336132031
1286	0.36723001
1287	0.38434651
1288	0.381788044
1289	0.359122194
1290	0.321718136
1291	0.278044034
1292	0.235523044
1293	0.19837123
1294	0.167777738
1295	0.143346186
1296	0.124175705
1297	0.10914922
1298	0.097473965
1299	0.088393211
1300	0.081474541
1301	0.076249505
1302	0.072573961
1303	0.070195669
1304	0.069114626
1305	0.069222731
1306	0.070700155
1307	0.073582934
1308	0.07819538
1309	0.084861807
1310	0.093942561
1311	0.105906093
1312	0.120968614
1313	0.138697705
1314	0.157507838
1315	0.17433606
1316	0.185470794
1317	0.18871392
1318	0.184101474
1319	0.173218983
1320	0.158084393
1321	0.140751685
1322	0.123094663
1323	0.106662823
1324	0.092393067
1325	0.080609708
1326	0.071096537
1327	0.063565277
1328	0.057619545
1329	0.052971064
1330	0.049331556
1331	0.046520846
1332	0.044322727
1333	0.042701164
1334	0.041512018
1335	0.040755288
1336	0.040322871
1337	0.040214767
1338	0.040430975
1339	0.040935462
1340	0.041764261
1341	0.042881338
1342	0.044394797
1343	0.046232568
1344	0.048538791
1345	0.051313466
1346	0.054664697
1347	0.058736622
1348	0.063637346
1349	0.069619113
1350	0.07689813
1351	0.08579871
1352	0.09682534
1353	0.110482505
1354	0.127310728
1355	0.147778458
1356	0.171993802
1357	0.19905589
1358	0.227090916
1359	0.253576448
1360	0.276674714
1361	0.296205542
1362	0.313322042
1363	0.329285431
1364	0.3438795
1365	0.354113365
1366	0.355806998
1367	0.34723073
1368	0.331663724
1369	0.315195849
1370	0.302295413
1371	0.293719145
1372	0.287737379
1373	0.28204389
1374	0.275521603
1375	0.268458794
1376	0.261756333
1377	0.256567331
1378	0.253828691
1379	0.254477316
1380	0.25937804
1381	0.269467767
1382	0.285214947
1383	0.30607906
1384	0.329825952
1385	0.352383698
1386	0.369536233
1387	0.379229577
1388	0.382004252
1389	0.379337682
1390	0.371842456
1391	0.359482541
1392	0.343086736
1393	0.324961263
1394	0.30820511
1395	0.295196569
1396	0.286259955
1397	0.279701632
1398	0.272999171
1399	0.264531008
1400	0.254261108
1401	0.243126374
1402	0.232532161
1403	0.223667616
1404	0.21754171
1405	0.214658931
1406	0.215343591
1407	0.219379482
1408	0.225685561
1409	0.231811466
1410	0.234622176
1411	0.231703362
1412	0.222658643
1413	0.208569061
1414	0.190803935
1415	0.170696551
1416	0.149724334
1417	0.129544881
1418	0.111347339
1419	0.095852402
1420	0.083024035
1421	0.072537927
1422	0.063997694
1423	0.057006955
1424	0.051241397
1425	0.046412742
1426	0.042376851
1427	0.038953551
1428	0.036034737
1429	0.033512306
1430	0.031314187
1431	0.029368311
1432	0.027710713
1433	0.026233289
1434	0.024900004
1435	0.023746892
1436	0.022701885
1437	0.021764981
1438	0.020936182
1439	0.020179453
1440	0.019530828
1441	0.018954272
1442	0.018413751
1443	0.017981334
1444	0.017584952
1445	0.017224605
1446	0.016936327
1447	0.016684083
1448	0.01650391
1449	0.016359771
1450	0.016287701
1451	0.016251667
1452	0.016287701
1453	0.016359771
1454	0.01650391
1455	0.016720118
1456	0.017008396
1457	0.017368743
1458	0.017837195
1459	0.018377716
1460	0.019062376
1461	0.01992721
1462	0.020900148
1463	0.022125329
1464	0.023566718
1465	0.02533242
1466	0.027422435
1467	0.029980902
1468	0.033115924
1469	0.036971641
1470	0.041764261
1471	0.047782062
1472	0.055313322
1473	0.064862527
1474	0.077006234
1475	0.092320997
1476	0.111167165
1477	0.133328529
1478	0.156859212
1479	0.177290908
1480	0.188461677
1481	0.185903211
1482	0.170624482
1483	0.148282945
1484	0.124716226
1485	0.103419697
1486	0.085618536
1487	0.071312745
1488	0.059961803
1489	0.050953119
1490	0.043818241
1491	0.038088718
1492	0.033476271
1493	0.029692624
1494	0.026557602
1495	0.0239631
1496	0.021764981
1497	0.01992721
1498	0.018341681
1499	0.016972361
1500	0.015783215
1501	0.014774242
1502	0.013873374
1503	0.01308061
1504	0.012359915
1505	0.011747324
1506	0.011170769
1507	0.010666282
1508	0.010233865
1509	0.009837483
1510	0.009441101
1511	0.009116789
1512	0.008828511
1513	0.008540233
1514	0.00828799
1515	0.008035746
1516	0.007855573
1517	0.007639364
1518	0.007459191
1519	0.007315052
1520	0.007134878
1521	0.007026774
1522	0.006882635
1523	0.006774531
1524	0.006666426
1525	0.006558322
1526	0.006486253
1527	0.006378149
1528	0.006306079
1529	0.00623401
1530	0.006197975
1531	0.006125905
1532	0.006089871
1533	0.006053836
1534	0.006017801
1535	0.005981766
1536	0.005945732
1537	0.005945732
1538	0.005909697
1539	0.005909697
1540	0.005909697
1541	0.005909697
1542	0.005909697
1543	0.005909697
1544	0.005909697
1545	0.005945732
1546	0.005945732
1547	0.005981766
1548	0.006017801
1549	0.006053836
1550	0.006089871
1551	0.006125905
1552	0.006197975
1553	0.00623401
1554	0.006306079
1555	0.006378149
1556	0.006450218
1557	0.006522287
1558	0.006630392
1559	0.006702461
1560	0.006810565
1561	0.00691867
1562	0.007062809
1563	0.007170913
1564	0.007315052
1565	0.007459191
1566	0.00760333
1567	0.007783503
1568	0.007963677
1569	0.008143851
1570	0.008360059
1571	0.008576268
1572	0.008828511
1573	0.009080754
1574	0.009332997
1575	0.009621275
1576	0.009945588
1577	0.0102699
1578	0.010630248
1579	0.01102663
1580	0.011423012
1581	0.011891463
1582	0.012359915
1583	0.012900436
1584	0.013476992
1585	0.014089582
1586	0.014774242
1587	0.015530972
1588	0.016323736
1589	0.017224605
1590	0.018197542
1591	0.019278585
1592	0.020503766
1593	0.021837051
1594	0.023314475
1595	0.024972073
1596	0.026881914
1597	0.029007964
1598	0.031422291
1599	0.034196966
1600	0.037368023
1601	0.041079601
1602	0.045403769
1603	0.050448632
1604	0.056466434
1605	0.063709416
1606	0.072429822
1607	0.08306007
1608	0.096176714
1609	0.112464416
1610	0.132715938
1611	0.15783215
1612	0.188389608
1613	0.224136067
1614	0.262981514
1615	0.300709884
1616	0.332132175
1617	0.35346474
1618	0.36380671
1619	0.364239127
1620	0.35688804
1621	0.344456056
1622	0.329934056
1623	0.316024648
1624	0.304133184
1625	0.294295701
1626	0.28553926
1627	0.276674714
1628	0.267413787
1629	0.258224929
1630	0.250117113
1631	0.24370293
1632	0.239126518
1633	0.236315808
1634	0.235198732
1635	0.235198732
1636	0.235162697
1637	0.233324925
1638	0.228316097
1639	0.219019134
1640	0.204749378
1641	0.185578898
1642	0.163165291
1643	0.140319268
1644	0.119311016
1645	0.101221578
1646	0.086267162
1647	0.074123455
1648	0.064249937
1649	0.05621419
1650	0.049619834
1651	0.044178588
1652	0.039638211
1653	0.035782494
1654	0.032503333
1655	0.029656589
1656	0.027242262
1657	0.025116212
1658	0.023242406
1659	0.021584808
1660	0.020107384
1661	0.018810133
1662	0.017620987
1663	0.016539945
1664	0.015603041
1665	0.014738208
1666	0.013945443
1667	0.013188714
1668	0.012540089
1669	0.011927498
1670	0.011350942
1671	0.010846456
1672	0.01034197
1673	0.009909553
1674	0.009477136
1675	0.009080754
1676	0.008720406
1677	0.008396094
1678	0.008071781
1679	0.007783503
1680	0.007495225
1681	0.007206947
1682	0.006954704
1683	0.006738496
1684	0.006522287
1685	0.006306079
1686	0.006089871
1687	0.005909697
1688	0.005729523
1689	0.00554935
1690	0.005405211
1691	0.005261072
1692	0.005080898
1693	0.004936759
1694	0.004828655
1695	0.004684516
1696	0.004576412
1697	0.004468307
1698	0.004324168
1699	0.004216064
1700	0.004143995
1701	0.004035891
1702	0.003927786
1703	0.003855717
1704	0.003747613
1705	0.003675543
1706	0.003567439
1707	0.00349537
1708	0.0034233
1709	0.003351231
1710	0.003279161
1711	0.003207092
1712	0.003171057
1713	0.003098987
1714	0.003026918
1715	0.002954848
1716	0.002918814
1717	0.002846744
1718	0.00281071
1719	0.00273864
1720	0.002702605
1721	0.002666571
1722	0.002594501
1723	0.002558466
1724	0.002522432
1725	0.002486397
1726	0.002414327
1727	0.002378293
1728	0.002342258
1729	0.002306223
1730	0.002270188
1731	0.002234154
1732	0.002198119
1733	0.002162084
1734	0.00212605
1735	0.002090015
1736	0.00205398
1737	0.002017945
1738	0.002017945
1739	0.001981911
1740	0.001945876
1741	0.001909841
1742	0.001873806
1743	0.001873806
1744	0.001837772
1745	0.001801737
1746	0.001801737
1747	0.001765702
1748	0.001729667
1749	0.001729667
1750	0.001693633
1751	0.001657598
1752	0.001657598
1753	0.001621563
1754	0.001585528
1755	0.001585528
1756	0.001549494
1757	0.001549494
1758	0.001513459
1759	0.001513459
1760	0.001477424
1761	0.001477424
1762	0.001441389
1763	0.001441389
1764	0.001405355
1765	0.001405355
1766	0.00136932
1767	0.00136932
1768	0.001333285
1769	0.001333285
1770	0.001333285
1771	0.001297251
1772	0.001297251
1773	0.001261216
1774	0.001261216
1775	0.001261216
1776	0.001225181
1777	0.001225181
1778	0.001225181
1779	0.001189146
1780	0.001189146
1781	0.001153112
1782	0.001153112
1783	0.001153112
1784	0.001117077
1785	0.001117077
1786	0.001117077
1787	0.001117077
1788	0.001081042
1789	0.001081042
1790	0.001081042
1791	0.001045007
1792	0.001045007
1793	0.001045007
1794	0.001008973
1795	0.001008973
1796	0.001008973
1797	0.001008973
1798	0.000972938
1799	0.000972938
1800	0.000972938
1801	0.000972938
1802	0.000936903
1803	0.000936903
1804	0.000936903
1805	0.000936903
1806	0.000900868
1807	0.000900868
1808	0.000900868
1809	0.000900868
1810	0.000900868
1811	0.000864834
1812	0.000864834
1813	0.000864834
1814	0.000864834
1815	0.000828799
1816	0.000828799
1817	0.000828799
1818	0.000828799
1819	0.000828799
1820	0.000792764
1821	0.000792764
1822	0.000792764
1823	0.000792764
1824	0.000792764
1825	0.000792764
1826	0.000756729
1827	0.000756729
1828	0.000756729
1829	0.000756729
1830	0.000756729
1831	0.000720695
1832	0.000720695
1833	0.000720695
1834	0.000720695
1835	0.000720695
1836	0.000720695
1837	0.000720695
1838	0.00068466
1839	0.00068466
1840	0.00068466
1841	0.00068466
1842	0.00068466
1843	0.00068466
1844	0.000648625
1845	0.000648625
1846	0.000648625
1847	0.000648625
1848	0.000648625
1849	0.000648625
1850	0.000648625
1851	0.000612591
1852	0.000612591
1853	0.000612591
1854	0.000612591
1855	0.000612591
1856	0.000612591
1857	0.000612591
1858	0.000612591
1859	0.000576556
1860	0.000576556
1861	0.000576556
1862	0.000576556
1863	0.000576556
1864	0.000576556
1865	0.000576556
1866	0.000576556
1867	0.000576556
1868	0.000540521
1869	0.000540521
1870	0.000540521
1871	0.000540521
1872	0.000540521
1873	0.000540521
1874	0.000540521
1875	0.000540521
1876	0.000540521
1877	0.000504486
1878	0.000504486
1879	0.000504486
1880	0.000504486
1881	0.000504486
1882	0.000504486
1883	0.000504486
1884	0.000504486
1885	0.000504486
1886	0.000504486
1887	0.000468452
1888	0.000468452
1889	0.000468452
1890	0.000468452
1891	0.000468452
1892	0.000468452
1893	0.000468452
1894	0.000468452
1895	0.000468452
1896	0.000468452
1897	0.000468452
1898	0.000468452
1899	0.000432417
1900	0.000432417
1901	0.000432417
1902	0.000432417
1903	0.000432417
1904	0.000432417
1905	0.000432417
1906	0.000432417
1907	0.000432417
1908	0.000432417
1909	0.000432417
1910	0.000432417
1911	0.000396382
1912	0.000396382
1913	0.000396382
1914	0.000396382
1915	0.000396382
1916	0.000396382
1917	0.000396382
1918	0.000396382
1919	0.000396382
1920	0.000396382
1921	0.000396382
1922	0.000396382
1923	0.000396382
1924	0.000396382
1925	0.000360347
1926	0.000360347
1927	0.000360347
1928	0.000360347
1929	0.000360347
1930	0.000360347
1931	0.000360347
1932	0.000360347
1933	0.000360347
1934	0.000360347
1935	0.000360347
1936	0.000360347
1937	0.000360347
1938	0.000360347
1939	0.000360347
1940	0.000360347
1941	0.000324313
1942	0.000324313
1943	0.000324313
1944	0.000324313
1945	0.000324313
1946	0.000324313
1947	0.000324313
1948	0.000324313
1949	0.000324313
1950	0.000324313
1951	0.000324313
1952	0.000324313
1953	0.000324313
1954	0.000324313
1955	0.000324313
1956	0.000324313
1957	0.000324313
1958	0.000288278
1959	0.000288278
1960	0.000288278
1961	0.000288278
1962	0.000288278
1963	0.000288278
1964	0.000288278
1965	0.000288278
1966	0.000288278
1967	0.000288278
1968	0.000288278
1969	0.000288278
1970	0.000288278
1971	0.000288278
1972	0.000288278
1973	0.000288278
1974	0.000288278
1975	0.000288278
1976	0.000288278
1977	0.000288278
1978	0.000288278
1979	0.000252243
1980	0.000252243
1981	0.000252243
1982	0.000252243
1983	0.000252243
1984	0.000252243
1985	0.000252243
1986	0.000252243
1987	0.000252243
1988	0.000252243
1989	0.000252243
1990	0.000252243
1991	0.000252243
1992	0.000252243
1993	0.000252243
1994	0.000252243
1995	0.000252243
1996	0.000252243
1997	0.000252243
1998	0.000252243
1999	0.000252243
2000	0.000252243
2001	0.000252243
2002	0.000216208
2003	0.000216208
2004	0.000216208
2005	0.000216208
2006	0.000216208
2007	0.000216208
2008	0.000216208
2009	0.000216208
2010	0.000216208
2011	0.000216208
2012	0.000216208
2013	0.000216208
2014	0.000216208
2015	0.000216208
2016	0.000216208
2017	0.000216208
2018	0.000216208
2019	0.000216208
2020	0.000216208
2021	0.000216208
2022	0.000216208
2023	0.000216208
2024	0.000216208
2025	0.000216208
2026	0.000216208
2027	0.000216208
2028	0.000216208
2029	0.000180174
2030	0.000180174
2031	0.000180174
2032	0.000180174
2033	0.000180174
2034	0.000180174
2035	0.000180174
2036	0.000180174
2037	0.000180174
2038	0.000180174
2039	0.000180174
2040	0.000180174
2041	0.000180174
2042	0.000180174
2043	0.000180174
2044	0.000180174
2045	0.000180174
2046	0.000180174
2047	0.000180174
2048	0.000180174
2049	0.000180174
2050	0.000180174
2051	0.000180174
2052	0.000180174
2053	0.000180174
2054	0.000180174
2055	0.000180174
2056	0.000180174
2057	0.000180174
2058	0.000180174
2059	0.000180174
2060	0.000180174
2061	0.000144139
2062	0.000144139
2063	0.000144139
2064	0.000144139
2065	0.000144139
2066	0.000144139
2067	0.000144139
2068	0.000144139
2069	0.000144139
2070	0.000144139
2071	0.000144139
2072	0.000144139
2073	0.000144139
2074	0.000144139
2075	0.000144139
2076	0.000144139
2077	0.000144139
2078	0.000144139
2079	0.000144139
2080	0.000144139
2081	0.000144139
2082	0.000144139
2083	0.000144139
2084	0.000144139
2085	0.000144139
2086	0.000144139
2087	0.000144139
2088	0.000144139
2089	0.000144139
2090	0.000144139
2091	0.000144139
2092	0.000144139
2093	0.000144139
2094	0.000144139
2095	0.000144139
2096	0.000144139
2097	0.000144139
2098	0.000144139
2099	0.000144139
2100	0.000144139
2101	0.000108104
2102	0.000108104
2103	0.000108104
2104	0.000108104
2105	0.000108104
2106	0.000108104
2107	0.000108104
2108	0.000108104
2109	0.000108104
2110	0.000108104
2111	0.000108104
2112	0.000108104
2113	0.000108104
2114	0.000108104
2115	0.000108104
2116	0.000108104
2117	0.000108104
2118	0.000108104
2119	0.000108104
2120	0.000108104
2121	0.000108104
2122	0.000108104
2123	0.000108104
2124	0.000108104
2125	0.000108104
2126	0.000108104
2127	0.000108104
2128	0.000108104
2129	0.000108104
2130	0.000108104
2131	0.000108104
2132	0.000108104
2133	0.000108104
2134	0.000108104
2135	0.000108104
2136	0.000108104
2137	0.000108104
2138	0.000108104
2139	0.000108104
2140	0.000108104
2141	0.000108104
2142	0.000108104
2143	0.000108104
2144	0.000108104
2145	0.000108104
2146	0.000108104
2147	0.000108104
2148	0.000108104
2149	0.000108104
2150	0.000108104
2151	7.20695E-05
2152	7.20695E-05
2153	7.20695E-05
2154	7.20695E-05
2155	7.20695E-05
2156	7.20695E-05
2157	7.20695E-05
2158	7.20695E-05
2159	7.20695E-05
2160	7.20695E-05
2161	7.20695E-05
2162	7.20695E-05
2163	7.20695E-05
2164	7.20695E-05
2165	7.20695E-05
2166	7.20695E-05
2167	7.20695E-05
2168	7.20695E-05
2169	7.20695E-05
2170	7.20695E-05
2171	7.20695E-05
2172	7.20695E-05
2173	7.20695E-05
2174	7.20695E-05
2175	7.20695E-05
2176	7.20695E-05
2177	7.20695E-05
2178	7.20695E-05
2179	7.20695E-05
2180	7.20695E-05
2181	7.20695E-05
2182	7.20695E-05
2183	7.20695E-05
2184	7.20695E-05
2185	7.20695E-05
2186	7.20695E-05
2187	7.20695E-05
2188	7.20695E-05
2189	7.20695E-05
2190	7.20695E-05
2191	7.20695E-05
2192	7.20695E-05
2193	7.20695E-05
2194	7.20695E-05
2195	7.20695E-05
2196	7.20695E-05
2197	7.20695E-05
2198	7.20695E-05
2199	7.20695E-05
2200	7.20695E-05
2201	7.20695E-05
2202	7.20695E-05
2203	7.20695E-05
2204	7.20695E-05
2205	7.20695E-05
2206	7.20695E-05
2207	7.20695E-05
2208	7.20695E-05
2209	7.20695E-05
2210	7.20695E-05
2211	7.20695E-05
2212	7.20695E-05
2213	7.20695E-05
2214	7.20695E-05
2215	7.20695E-05
2216	7.20695E-05
2217	7.20695E-05
2218	7.20695E-05
2219	7.20695E-05
2220	3.60347E-05
2221	3.60347E-05
2222	3.60347E-05
2223	3.60347E-05
2224	3.60347E-05
2225	3.60347E-05
2226	3.60347E-05
2227	3.60347E-05
2228	3.60347E-05
2229	3.60347E-05
2230	3.60347E-05
2231	3.60347E-05
2232	3.60347E-05
2233	3.60347E-05
2234	3.60347E-05
2235	3.60347E-05
2236	3.60347E-05
2237	3.60347E-05
2238	3.60347E-05
2239	3.60347E-05
2240	3.60347E-05
2241	3.60347E-05
2242	3.60347E-05
2243	3.60347E-05
2244	3.60347E-05
2245	3.60347E-05
2246	3.60347E-05
2247	3.60347E-05
2248	3.60347E-05
2249	3.60347E-05
2250	3.60347E-05
2251	3.60347E-05
2252	3.60347E-05
2253	3.60347E-05
2254	3.60347E-05
2255	3.60347E-05
2256	3.60347E-05
2257	3.60347E-05
2258	3.60347E-05
2259	3.60347E-05
2260	3.60347E-05
2261	3.60347E-05
2262	3.60347E-05
2263	3.60347E-05
2264	3.60347E-05
2265	3.60347E-05
2266	3.60347E-05
2267	3.60347E-05
2268	3.60347E-05
2269	3.60347E-05
2270	3.60347E-05
2271	3.60347E-05
2272	3.60347E-05
2273	3.60347E-05
2274	3.60347E-05
2275	3.60347E-05
2276	3.60347E-05
2277	3.60347E-05
2278	3.60347E-05
2279	3.60347E-05
2280	3.60347E-05
2281	3.60347E-05
2282	3.60347E-05
2283	3.60347E-05
2284	3.60347E-05
2285	3.60347E-05
2286	3.60347E-05
2287	3.60347E-05
2288	3.60347E-05
2289	3.60347E-05
2290	3.60347E-05
2291	3.60347E-05
2292	3.60347E-05
2293	3.60347E-05
2294	3.60347E-05
2295	3.60347E-05
2296	3.60347E-05
2297	3.60347E-05
2298	3.60347E-05
2299	3.60347E-05
2300	3.60347E-05
2301	3.60347E-05
2302	3.60347E-05
2303	3.60347E-05
2304	3.60347E-05
2305	3.60347E-05
2306	3.60347E-05
2307	3.60347E-05
2308	3.60347E-05
2309	3.60347E-05
2310	3.60347E-05
2311	3.60347E-05
2312	3.60347E-05
2313	3.60347E-05
2314	3.60347E-05
2315	3.60347E-05
2316	3.60347E-05
2317	3.60347E-05
2318	3.60347E-05
2319	3.60347E-05
2320	3.60347E-05
2321	3.60347E-05
2322	3.60347E-05
2323	3.60347E-05
2324	3.60347E-05
2325	3.60347E-05
2326	3.60347E-05
2327	3.60347E-05
2328	3.60347E-05
2329	3.60347E-05
2330	3.60347E-05
2331	3.60347E-05
2332	3.60347E-05
2333	3.60347E-05
2334	3.60347E-05
2335	3.60347E-05
2336	3.60347E-05
2337	3.60347E-05
2338	3.60347E-05
2339	3.60347E-05
2340	3.60347E-05
2341	3.60347E-05
2342	3.60347E-05
2343	3.60347E-05
2344	3.60347E-05
2345	3.60347E-05
2346	3.60347E-05
2347	3.60347E-05
2348	3.60347E-05
2349	3.60347E-05
2350	3.60347E-05
2351	3.60347E-05
2352	3.60347E-05
2353	3.60347E-05
2354	3.60347E-05
2355	3.60347E-05
2356	3.60347E-05
2357	3.60347E-05
2358	3.60347E-05
2359	3.60347E-05
2360	3.60347E-05
2361	3.60347E-05
2362	3.60347E-05
2363	0
2364	0
2365	0
2366	0
2367	0
2368	0
2369	0
2370	0
2371	0
2372	0
2373	0
2374	0
2375	0
2376	0
2377	0
2378	0
2379	0
2380	0
2381	0
2382	0
2383	0
2384	0
2385	0
2386	0
2387	0
2388	0
2389	0
2390	0
2391	0
2392	0
2393	0
2394	0
2395	0
2396	0
2397	0
2398	0
2399	0
2400	0
2401	0
2402	0
2403	0
2404	0
2405	0
2406	0
2407	0
2408	0
2409	0
2410	0
2411	0
2412	0
2413	0
2414	0
2415	0
2416	0
2417	0
2418	0
2419	0
2420	0
2421	0
2422	0
2423	0
2424	0
2425	0
2426	0
2427	3.60347E-05
2428	3.60347E-05
2429	3.60347E-05
2430	3.60347E-05
2431	3.60347E-05
2432	3.60347E-05
2433	3.60347E-05
2434	3.60347E-05
2435	3.60347E-05
2436	3.60347E-05
2437	3.60347E-05
2438	3.60347E-05
2439	3.60347E-05
2440	3.60347E-05
2441	3.60347E-05
2442	3.60347E-05
2443	3.60347E-05
2444	3.60347E-05
2445	3.60347E-05
2446	3.60347E-05
2447	3.60347E-05
2448	3.60347E-05
2449	3.60347E-05
2450	3.60347E-05
2451	3.60347E-05
2452	3.60347E-05
2453	3.60347E-05
2454	3.60347E-05
2455	3.60347E-05
2456	3.60347E-05
2457	3.60347E-05
2458	3.60347E-05
2459	3.60347E-05
2460	3.60347E-05
2461	3.60347E-05
2462	3.60347E-05
2463	3.60347E-05
2464	3.60347E-05
2465	3.60347E-05
2466	3.60347E-05
2467	3.60347E-05
2468	3.60347E-05
2469	3.60347E-05
2470	3.60347E-05
2471	3.60347E-05
2472	3.60347E-05
2473	3.60347E-05
2474	3.60347E-05
2475	3.60347E-05
2476	3.60347E-05
2477	3.60347E-05
2478	3.60347E-05
2479	3.60347E-05
2480	3.60347E-05
2481	3.60347E-05
2482	3.60347E-05
2483	3.60347E-05
2484	3.60347E-05
2485	3.60347E-05
2486	3.60347E-05
2487	3.60347E-05
2488	3.60347E-05
2489	3.60347E-05
2490	3.60347E-05
2491	3.60347E-05
2492	3.60347E-05
2493	3.60347E-05
2494	3.60347E-05
2495	3.60347E-05
2496	3.60347E-05
2497	3.60347E-05
2498	3.60347E-05
2499	3.60347E-05
2500	3.60347E-05
2501	3.60347E-05
2502	3.60347E-05
2503	3.60347E-05
2504	3.60347E-05
2505	3.60347E-05
2506	3.60347E-05
2507	3.60347E-05
2508	3.60347E-05
2509	3.60347E-05
2510	3.60347E-05
2511	3.60347E-05
2512	3.60347E-05
2513	3.60347E-05
2514	3.60347E-05
2515	3.60347E-05
2516	3.60347E-05
2517	3.60347E-05
2518	3.60347E-05
2519	3.60347E-05
2520	3.60347E-05
2521	3.60347E-05
2522	3.60347E-05
2523	3.60347E-05
2524	3.60347E-05
2525	3.60347E-05
2526	3.60347E-05
2527	3.60347E-05
2528	3.60347E-05
2529	3.60347E-05
2530	3.60347E-05
2531	3.60347E-05
2532	3.60347E-05
2533	3.60347E-05
2534	3.60347E-05
2535	3.60347E-05
2536	3.60347E-05
2537	3.60347E-05
2538	3.60347E-05
2539	3.60347E-05
2540	3.60347E-05
2541	3.60347E-05
2542	7.20695E-05
2543	7.20695E-05
2544	7.20695E-05
2545	7.20695E-05
2546	7.20695E-05
2547	7.20695E-05
2548	7.20695E-05
2549	7.20695E-05
2550	7.20695E-05
2551	7.20695E-05
2552	7.20695E-05
2553	7.20695E-05
2554	7.20695E-05
2555	7.20695E-05
2556	7.20695E-05
2557	7.20695E-05
2558	7.20695E-05
2559	7.20695E-05
2560	7.20695E-05
2561	7.20695E-05
2562	7.20695E-05
2563	7.20695E-05
2564	7.20695E-05
2565	7.20695E-05
2566	7.20695E-05
2567	7.20695E-05
2568	7.20695E-05
2569	7.20695E-05
2570	7.20695E-05
2571	7.20695E-05
2572	7.20695E-05
2573	7.20695E-05
2574	7.20695E-05
2575	7.20695E-05
2576	7.20695E-05
2577	7.20695E-05
2578	7.20695E-05
2579	7.20695E-05
2580	7.20695E-05
2581	7.20695E-05
2582	7.20695E-05
2583	7.20695E-05
2584	7.20695E-05
2585	7.20695E-05
2586	7.20695E-05
2587	7.20695E-05
2588	0.000108104
2589	0.000108104
2590	0.000108104
2591	0.000108104
2592	0.000108104
2593	0.000108104
2594	0.000108104
2595	0.000108104
2596	0.000108104
2597	0.000108104
2598	0.000108104
2599	0.000108104
2600	0.000108104
2601	0.000108104
2602	0.000108104
2603	0.000108104
2604	0.000108104
2605	0.000108104
2606	0.000108104
2607	0.000108104
2608	0.000108104
2609	0.000108104
2610	0.000108104
2611	0.000108104
2612	0.000108104
2613	0.000108104
2614	0.000108104
2615	0.000108104
2616	0.000108104
2617	0.000108104
2618	0.000108104
2619	0.000144139
2620	0.000144139
2621	0.000144139
2622	0.000144139
2623	0.000144139
2624	0.000144139
2625	0.000144139
2626	0.000144139
2627	0.000144139
2628	0.000144139
2629	0.000144139
2630	0.000144139
2631	0.000144139
2632	0.000144139
2633	0.000144139
2634	0.000144139
2635	0.000144139
2636	0.000144139
2637	0.000144139
2638	0.000144139
2639	0.000144139
2640	0.000144139
2641	0.000144139
2642	0.000180174
2643	0.000180174
2644	0.000180174
2645	0.000180174
2646	0.000180174
2647	0.000180174
2648	0.000180174
2649	0.000180174
2650	0.000180174
2651	0.000180174
2652	0.000180174
2653	0.000180174
2654	0.000180174
2655	0.000180174
2656	0.000180174
2657	0.000180174
2658	0.000180174
2659	0.000180174
2660	0.000180174
2661	0.000216208
2662	0.000216208
2663	0.000216208
2664	0.000216208
2665	0.000216208
2666	0.000216208
2667	0.000216208
2668	0.000216208
2669	0.000216208
2670	0.000216208
2671	0.000216208
2672	0.000216208
2673	0.000216208
2674	0.000216208
2675	0.000216208
2676	0.000252243
2677	0.000252243
2678	0.000252243
2679	0.000252243
2680	0.000252243
2681	0.000252243
2682	0.000252243
2683	0.000252243
2684	0.000252243
2685	0.000252243
2686	0.000252243
2687	0.000252243
2688	0.000252243
2689	0.000288278
2690	0.000288278
2691	0.000288278
2692	0.000288278
2693	0.000288278
2694	0.000288278
2695	0.000288278
2696	0.000288278
2697	0.000288278
2698	0.000288278
2699	0.000288278
2700	0.000324313
2701	0.000324313
2702	0.000324313
2703	0.000324313
2704	0.000324313
2705	0.000324313
2706	0.000324313
2707	0.000324313
2708	0.000324313
2709	0.000324313
2710	0.000360347
2711	0.000360347
2712	0.000360347
2713	0.000360347
2714	0.000360347
2715	0.000360347
2716	0.000360347
2717	0.000360347
2718	0.000396382
2719	0.000396382
2720	0.000396382
2721	0.000396382
2722	0.000396382
2723	0.000396382
2724	0.000396382
2725	0.000396382
2726	0.000432417
2727	0.000432417
2728	0.000432417
2729	0.000432417
2730	0.000432417
2731	0.000432417
2732	0.000432417
2733	0.000468452
2734	0.000468452
2735	0.000468452
2736	0.000468452
2737	0.000468452
2738	0.000468452
2739	0.000504486
2740	0.000504486
2741	0.000504486
2742	0.000504486
2743	0.000504486
2744	0.000504486
2745	0.000540521
2746	0.000540521
2747	0.000540521
2748	0.000540521
2749	0.000540521
2750	0.000540521
2751	0.000576556
2752	0.000576556
2753	0.000576556
2754	0.000576556
2755	0.000612591
2756	0.000612591
2757	0.000612591
2758	0.000612591
2759	0.000612591
2760	0.000648625
2761	0.000648625
2762	0.000648625
2763	0.000648625
2764	0.00068466
2765	0.00068466
2766	0.00068466
2767	0.00068466
2768	0.000720695
2769	0.000720695
2770	0.000720695
2771	0.000720695
2772	0.000756729
2773	0.000756729
2774	0.000756729
2775	0.000792764
2776	0.000792764
2777	0.000792764
2778	0.000792764
2779	0.000828799
2780	0.000828799
2781	0.000828799
2782	0.000864834
2783	0.000864834
2784	0.000864834
2785	0.000900868
2786	0.000900868
2787	0.000900868
2788	0.000936903
2789	0.000936903
2790	0.000972938
2791	0.000972938
2792	0.000972938
2793	0.001008973
2794	0.001008973
2795	0.001045007
2796	0.001045007
2797	0.001081042
2798	0.001081042
2799	0.001081042
2800	0.001117077
2801	0.001117077
2802	0.001153112
2803	0.001153112
2804	0.001189146
2805	0.001189146
2806	0.001225181
2807	0.001225181
2808	0.001261216
2809	0.001297251
2810	0.001297251
2811	0.001333285
2812	0.001333285
2813	0.00136932
2814	0.001405355
2815	0.001405355
2816	0.001441389
2817	0.001477424
2818	0.001477424
2819	0.001513459
2820	0.001549494
2821	0.001585528
2822	0.001585528
2823	0.001621563
2824	0.001657598
2825	0.001693633
2826	0.001729667
2827	0.001729667
2828	0.001765702
2829	0.001801737
2830	0.001837772
2831	0.001873806
2832	0.001909841
2833	0.001945876
2834	0.001981911
2835	0.002017945
2836	0.00205398
2837	0.002090015
2838	0.00212605
2839	0.002198119
2840	0.002234154
2841	0.002270188
2842	0.002306223
2843	0.002378293
2844	0.002414327
2845	0.002486397
2846	0.002522432
2847	0.002558466
2848	0.002630536
2849	0.002702605
2850	0.00273864
2851	0.00281071
2852	0.002882779
2853	0.002918814
2854	0.002990883
2855	0.003062953
2856	0.003135022
2857	0.003207092
2858	0.003279161
2859	0.003351231
2860	0.003459335
2861	0.003531404
2862	0.003603474
2863	0.003711578
2864	0.003783647
2865	0.003891752
2866	0.003999856
2867	0.00410796
2868	0.004216064
2869	0.004324168
2870	0.004432273
2871	0.004540377
2872	0.004684516
2873	0.004828655
2874	0.004936759
2875	0.005080898
2876	0.005225037
2877	0.005405211
2878	0.00554935
2879	0.005729523
2880	0.005909697
2881	0.006089871
2882	0.006270044
2883	0.006486253
2884	0.006702461
2885	0.00691867
2886	0.007134878
2887	0.007387121
2888	0.007639364
2889	0.007891608
2890	0.008179885
2891	0.008504198
2892	0.008792476
2893	0.009116789
2894	0.009477136
2895	0.009873518
2896	0.010233865
2897	0.010666282
2898	0.011098699
2899	0.011567151
2900	0.012071637
2901	0.012612158
2902	0.013152679
2903	0.01376527
2904	0.014413895
2905	0.015098555
2906	0.015855284
2907	0.016648049
2908	0.017512882
2909	0.018413751
2910	0.019422724
2911	0.020503766
2912	0.021692912
2913	0.022954128
2914	0.024359483
2915	0.025872942
2916	0.027530539
2917	0.029368311
2918	0.031386256
2919	0.033584375
2920	0.036070772
2921	0.038809412
2922	0.041872365
2923	0.045295665
2924	0.049151382
2925	0.05354762
2926	0.058520414
2927	0.064213902
2928	0.07073619
2929	0.078303485
2930	0.087131995
2931	0.09743793
2932	0.109689741
2933	0.124247775
2934	0.141796692
2935	0.163093222
2936	0.189218407
2937	0.221505531
2938	0.261828403
2939	0.312385139
2940	0.375806277
2941	0.454650283
2942	0.550070268
2943	0.659832078
2944	0.77553962
2945	0.882166408
2946	0.961875248
2947	0.999711722
2948	0.988108537
2949	0.929047602
2950	0.833663652
2951	0.719577673
2952	0.604554791
2953	0.500810782
2954	0.413390508
2955	0.342402076
2956	0.285719434
2957	0.240567907
2958	0.20453317
2959	0.175525206
2960	0.151958488
2961	0.132643869
2962	0.11668048
2963	0.103347627
2964	0.092104789
2965	0.082555584
2966	0.074411733
2967	0.067384959
2968	0.061259054
2969	0.055961947
2970	0.051277431
2971	0.047169471
2972	0.043529963
2973	0.040286837
2974	0.037404058
2975	0.034809556
2976	0.032467298
2977	0.030341249
2978	0.028431408
2979	0.02670174
2980	0.025080177
2981	0.023638788
2982	0.022305503
2983	0.021080321
2984	0.019963245
2985	0.018918237
2986	0.017945299
2987	0.017080466
2988	0.016251667
2989	0.015458902
2990	0.014738208
2991	0.014089582
2992	0.013476992
2993	0.012864401
2994	0.01232388
2995	0.011819394
2996	0.011314908
2997	0.010882491
2998	0.010450074
2999	0.010053692
3000	0.00965731
3001	0.009296962
3002	0.00897265
3003	0.008648337
3004	0.008324024
3005	0.008035746
3006	0.007783503
3007	0.007495225
3008	0.007242982
3009	0.007026774
3010	0.006774531
3011	0.006558322
3012	0.006378149
3013	0.00616194
3014	0.005981766
3015	0.005801593
3016	0.005621419
3017	0.00547728
3018	0.005297106
3019	0.005152967
3020	0.005008829
3021	0.00486469
3022	0.004756585
3023	0.004612446
3024	0.004504342
3025	0.004360203
3026	0.004252099
3027	0.004143995
3028	0.004035891
3029	0.003927786
3030	0.003855717
3031	0.003747613
3032	0.003639508
3033	0.003567439
3034	0.00349537
3035	0.003387265
3036	0.003315196
3037	0.003243126
3038	0.003171057
3039	0.003098987
3040	0.003026918
3041	0.002954848
3042	0.002882779
3043	0.00281071
3044	0.002774675
3045	0.002702605
3046	0.002630536
3047	0.002594501
3048	0.002522432
3049	0.002486397
3050	0.002414327
3051	0.002378293
3052	0.002342258
3053	0.002270188
3054	0.002234154
3055	0.002198119
3056	0.002162084
3057	0.00212605
3058	0.00205398
3059	0.002017945
3060	0.001981911
3061	0.001945876
3062	0.001909841
3063	0.001873806
3064	0.001837772
3065	0.001801737
3066	0.001765702
3067	0.001729667
3068	0.001729667
3069	0.001693633
3070	0.001657598
3071	0.001621563
3072	0.001585528
3073	0.001549494
3074	0.001549494
3075	0.001513459
3076	0.001477424
3077	0.001477424
3078	0.001441389
3079	0.001405355
3080	0.001405355
3081	0.00136932
3082	0.001333285
3083	0.001333285
3084	0.001297251
3085	0.001261216
3086	0.001261216
3087	0.001225181
3088	0.001225181
3089	0.001189146
3090	0.001189146
3091	0.001153112
3092	0.001153112
3093	0.001117077
3094	0.001117077
3095	0.001081042
3096	0.001081042
3097	0.001045007
3098	0.001045007
3099	0.001008973
3100	0.001008973
3101	0.000972938
3102	0.000972938
3103	0.000972938
3104	0.000936903
3105	0.000936903
3106	0.000900868
3107	0.000900868
3108	0.000900868
3109	0.000864834
3110	0.000864834
3111	0.000864834
3112	0.000828799
3113	0.000828799
3114	0.000828799
3115	0.000792764
3116	0.000792764
3117	0.000792764
3118	0.000756729
3119	0.000756729
3120	0.000756729
3121	0.000720695
3122	0.000720695
3123	0.000720695
3124	0.000720695
3125	0.00068466
3126	0.00068466
3127	0.00068466
3128	0.00068466
3129	0.000648625
3130	0.000648625
3131	0.000648625
3132	0.000648625
3133	0.000612591
3134	0.000612591
3135	0.000612591
3136	0.000612591
3137	0.000576556
3138	0.000576556
3139	0.000576556
3140	0.000576556
3141	0.000576556
3142	0.000540521
3143	0.000540521
3144	0.000540521
3145	0.000540521
3146	0.000540521
3147	0.000504486
3148	0.000504486
3149	0.000504486
3150	0.000504486
3151	0.000504486
3152	0.000468452
3153	0.000468452
3154	0.000468452
3155	0.000468452
3156	0.000468452
3157	0.000468452
3158	0.000432417
3159	0.000432417
3160	0.000432417
3161	0.000432417
3162	0.000432417
3163	0.000432417
3164	0.000396382
3165	0.000396382
3166	0.000396382
3167	0.000396382
3168	0.000396382
3169	0.000396382
3170	0.000396382
3171	0.000360347
3172	0.000360347
3173	0.000360347
3174	0.000360347
3175	0.000360347
3176	0.000360347
3177	0.000360347
3178	0.000360347
3179	0.000324313
3180	0.000324313
3181	0.000324313
3182	0.000324313
3183	0.000324313
3184	0.000324313
3185	0.000324313
3186	0.000324313
3187	0.000324313
3188	0.000288278
3189	0.000288278
3190	0.000288278
3191	0.000288278
3192	0.000288278
3193	0.000288278
3194	0.000288278
3195	0.000288278
3196	0.000288278
3197	0.000288278
3198	0.000252243
3199	0.000252243
3200	0.000252243
3201	0.000252243
3202	0.000252243
3203	0.000252243
3204	0.000252243
3205	0.000252243
3206	0.000252243
3207	0.000252243
3208	0.000252243
3209	0.000216208
3210	0.000216208
3211	0.000216208
3212	0.000216208
3213	0.000216208
3214	0.000216208
3215	0.000216208
3216	0.000216208
3217	0.000216208
3218	0.000216208
3219	0.000216208
3220	0.000216208
3221	0.000216208
3222	0.000180174
3223	0.000180174
3224	0.000180174
3225	0.000180174
3226	0.000180174
3227	0.000180174
3228	0.000180174
3229	0.000180174
3230	0.000180174
3231	0.000180174
3232	0.000180174
3233	0.000180174
3234	0.000180174
3235	0.000180174
3236	0.000180174
3237	0.000144139
3238	0.000144139
3239	0.000144139
3240	0.000144139
3241	0.000144139
3242	0.000144139
3243	0.000144139
3244	0.000144139
3245	0.000144139
3246	0.000144139
3247	0.000144139
3248	0.000144139
3249	0.000144139
3250	0.000144139
3251	0.000144139
3252	0.000144139
3253	0.000144139
3254	0.000144139
3255	0.000144139
3256	0.000108104
3257	0.000108104
3258	0.000108104
3259	0.000108104
3260	0.000108104
3261	0.000108104
3262	0.000108104
3263	0.000108104
3264	0.000108104
3265	0.000108104
3266	0.000108104
3267	0.000108104
3268	0.000108104
3269	0.000108104
3270	0.000108104
3271	0.000108104
3272	0.000108104
3273	0.000108104
3274	0.000108104
3275	0.000108104
3276	0.000108104
3277	0.000108104
3278	0.000108104
3279	7.20695E-05
3280	7.20695E-05
3281	7.20695E-05
3282	7.20695E-05
3283	7.20695E-05
3284	7.20695E-05
3285	7.20695E-05
3286	7.20695E-05
3287	7.20695E-05
3288	7.20695E-05
3289	7.20695E-05
3290	7.20695E-05
3291	7.20695E-05
3292	7.20695E-05
3293	7.20695E-05
3294	7.20695E-05
3295	7.20695E-05
3296	7.20695E-05
3297	7.20695E-05
3298	7.20695E-05
3299	7.20695E-05
3300	7.20695E-05
3301	7.20695E-05
3302	7.20695E-05
3303	7.20695E-05
3304	7.20695E-05
3305	7.20695E-05
3306	7.20695E-05
3307	7.20695E-05
3308	7.20695E-05
3309	7.20695E-05
3310	7.20695E-05
3311	7.20695E-05
3312	3.60347E-05
3313	3.60347E-05
3314	3.60347E-05
3315	3.60347E-05
3316	3.60347E-05
3317	3.60347E-05
3318	3.60347E-05
3319	3.60347E-05
3320	3.60347E-05
3321	3.60347E-05
3322	3.60347E-05
3323	3.60347E-05
3324	3.60347E-05
3325	3.60347E-05
3326	3.60347E-05
3327	3.60347E-05
3328	3.60347E-05
3329	3.60347E-05
3330	3.60347E-05
3331	3.60347E-05
3332	3.60347E-05
3333	3.60347E-05
3334	3.60347E-05
3335	3.60347E-05
3336	3.60347E-05
3337	3.60347E-05
3338	3.60347E-05
3339	3.60347E-05
3340	3.60347E-05
3341	3.60347E-05
3342	3.60347E-05
3343	3.60347E-05
3344	3.60347E-05
3345	3.60347E-05
3346	3.60347E-05
3347	3.60347E-05
3348	3.60347E-05
3349	3.60347E-05
3350	3.60347E-05
3351	3.60347E-05
3352	3.60347E-05
3353	3.60347E-05
3354	3.60347E-05
3355	3.60347E-05
3356	3.60347E-05
3357	3.60347E-05
3358	3.60347E-05
3359	3.60347E-05
3360	3.60347E-05
3361	3.60347E-05
3362	3.60347E-05
3363	3.60347E-05
3364	3.60347E-05
3365	3.60347E-05
3366	3.60347E-05
3367	3.60347E-05
3368	3.60347E-05
3369	3.60347E-05
3370	3.60347E-05
3371	3.60347E-05
3372	3.60347E-05
3373	3.60347E-05
3374	3.60347E-05
3375	3.60347E-05
3376	3.60347E-05
3377	3.60347E-05
3378	3.60347E-05
3379	3.60347E-05
3380	3.60347E-05
3381	3.60347E-05
3382	3.60347E-05
3383	3.60347E-05
3384	0
3385	0
3386	0
3387	0
3388	0
3389	0
3390	0
3391	0
3392	0
3393	0
3394	0
3395	0
3396	0
3397	0
3398	0
3399	0
3400	0
3401	0
3402	0
3403	0
3404	0
3405	0
3406	0
3407	0
3408	0
3409	0
3410	3.60347E-05
3411	3.60347E-05
3412	3.60347E-05
3413	3.60347E-05
3414	3.60347E-05
3415	3.60347E-05
3416	3.60347E-05
3417	3.60347E-05
3418	3.60347E-05
3419	3.60347E-05
3420	3.60347E-05
3421	3.60347E-05
3422	3.60347E-05
3423	3.60347E-05
3424	3.60347E-05
3425	3.60347E-05
3426	3.60347E-05
3427	3.60347E-05
3428	3.60347E-05
3429	3.60347E-05
3430	3.60347E-05
3431	3.60347E-05
3432	3.60347E-05
3433	3.60347E-05
3434	3.60347E-05
3435	3.60347E-05
3436	3.60347E-05
3437	3.60347E-05
3438	3.60347E-05
3439	3.60347E-05
3440	3.60347E-05
3441	3.60347E-05
3442	3.60347E-05
3443	3.60347E-05
3444	3.60347E-05
3445	3.60347E-05
3446	3.60347E-05
3447	3.60347E-05
3448	3.60347E-05
3449	3.60347E-05
3450	3.60347E-05
3451	3.60347E-05
3452	3.60347E-05
3453	3.60347E-05
3454	3.60347E-05
3455	3.60347E-05
3456	3.60347E-05
3457	3.60347E-05
3458	3.60347E-05
3459	3.60347E-05
3460	3.60347E-05
3461	3.60347E-05
3462	3.60347E-05
3463	3.60347E-05
3464	3.60347E-05
3465	3.60347E-05
3466	3.60347E-05
3467	3.60347E-05
3468	3.60347E-05
3469	3.60347E-05
3470	3.60347E-05
3471	3.60347E-05
3472	7.20695E-05
3473	7.20695E-05
3474	7.20695E-05
3475	7.20695E-05
3476	7.20695E-05
3477	7.20695E-05
3478	7.20695E-05
3479	7.20695E-05
3480	7.20695E-05
3481	7.20695E-05
3482	7.20695E-05
3483	7.20695E-05
3484	7.20695E-05
3485	7.20695E-05
3486	7.20695E-05
3487	7.20695E-05
3488	7.20695E-05
3489	7.20695E-05
3490	7.20695E-05
3491	7.20695E-05
3492	7.20695E-05
3493	7.20695E-05
3494	7.20695E-05
3495	7.20695E-05
3496	7.20695E-05
3497	0.000108104
3498	0.000108104
3499	0.000108104
3500	0.000108104
3501	0.000108104
3502	0.000108104
3503	0.000108104
3504	0.000108104
3505	0.000108104
3506	0.000108104
3507	0.000108104
3508	0.000108104
3509	0.000108104
3510	0.000108104
3511	0.000108104
3512	0.000108104
3513	0.000108104
3514	0.000144139
3515	0.000144139
3516	0.000144139
3517	0.000144139
3518	0.000144139
3519	0.000144139
3520	0.000144139
3521	0.000144139
3522	0.000144139
3523	0.000144139
3524	0.000144139
3525	0.000144139
3526	0.000144139
3527	0.000180174
3528	0.000180174
3529	0.000180174
3530	0.000180174
3531	0.000180174
3532	0.000180174
3533	0.000180174
3534	0.000180174
3535	0.000180174
3536	0.000180174
3537	0.000216208
3538	0.000216208
3539	0.000216208
3540	0.000216208
3541	0.000216208
3542	0.000216208
3543	0.000216208
3544	0.000216208
3545	0.000252243
3546	0.000252243
3547	0.000252243
3548	0.000252243
3549	0.000252243
3550	0.000252243
3551	0.000252243
3552	0.000288278
3553	0.000288278
3554	0.000288278
3555	0.000288278
3556	0.000288278
3557	0.000288278
3558	0.000324313
3559	0.000324313
3560	0.000324313
3561	0.000324313
3562	0.000324313
3563	0.000324313
3564	0.000360347
3565	0.000360347
3566	0.000360347
3567	0.000360347
3568	0.000360347
3569	0.000396382
3570	0.000396382
3571	0.000396382
3572	0.000396382
3573	0.000432417
3574	0.000432417
3575	0.000432417
3576	0.000432417
3577	0.000468452
3578	0.000468452
3579	0.000468452
3580	0.000468452
3581	0.000504486
3582	0.000504486
3583	0.000504486
3584	0.000540521
3585	0.000540521
3586	0.000540521
3587	0.000576556
3588	0.000576556
3589	0.000576556
3590	0.000612591
3591	0.000612591
3592	0.000648625
3593	0.000648625
3594	0.000648625
3595	0.00068466
3596	0.00068466
3597	0.000720695
3598	0.000720695
3599	0.000756729
3600	0.000756729
3601	0.000792764
3602	0.000792764
3603	0.000828799
3604	0.000864834
3605	0.000864834
3606	0.000900868
3607	0.000900868
3608	0.000936903
3609	0.000972938
3610	0.000972938
3611	0.001008973
3612	0.001045007
3613	0.001081042
3614	0.001081042
3615	0.001117077
3616	0.001153112
3617	0.001189146
3618	0.001225181
3619	0.001261216
3620	0.001297251
3621	0.001333285
3622	0.00136932
3623	0.001405355
3624	0.001441389
3625	0.001477424
3626	0.001549494
3627	0.001585528
3628	0.001621563
3629	0.001693633
3630	0.001729667
3631	0.001801737
3632	0.001873806
3633	0.001909841
3634	0.001981911
3635	0.00205398
3636	0.00212605
3637	0.002198119
3638	0.002270188
3639	0.002342258
3640	0.002450362
3641	0.002522432
3642	0.002630536
3643	0.00273864
3644	0.002846744
3645	0.002954848
3646	0.003062953
3647	0.003171057
3648	0.003315196
3649	0.003459335
3650	0.003603474
3651	0.003747613
3652	0.003927786
3653	0.00410796
3654	0.004288134
3655	0.004504342
3656	0.004720551
3657	0.004936759
3658	0.005189002
3659	0.005441245
3660	0.005729523
3661	0.006053836
3662	0.006378149
3663	0.006738496
3664	0.007134878
3665	0.007567295
3666	0.008035746
3667	0.008540233
3668	0.009116789
3669	0.009729379
3670	0.010378004
3671	0.011134734
3672	0.011963533
3673	0.012900436
3674	0.013909409
3675	0.01506252
3676	0.016359771
3677	0.01780116
3678	0.019458758
3679	0.021368599
3680	0.023566718
3681	0.02608915
3682	0.029007964
3683	0.032431264
3684	0.036503189
3685	0.041331844
3686	0.047133437
3687	0.054124176
3688	0.062736478
3689	0.073330691
3690	0.086555439
3691	0.103203488
3692	0.124175705
3693	0.150589168
3694	0.183452849
3695	0.222946921
3696	0.267161544
3697	0.310511333
3698	0.343699326
3699	0.357032179
3700	0.346149688
3701	0.314907571
3702	0.27253072
3703	0.228316097
3704	0.188245469
3705	0.154552989
3706	0.127346762
3707	0.10572592
3708	0.088573385
3709	0.074916219
3710	0.063997694
3711	0.055169183
3712	0.047962236
3713	0.042016504
3714	0.037079745
3715	0.03293575
3716	0.029440381
3717	0.026413463
3718	0.023854996
3719	0.021620842
3720	0.019711001
3721	0.018017369
3722	0.016539945
3723	0.015206659
3724	0.014053548
3725	0.01300854
3726	0.012071637
3727	0.011242838
3728	0.010486109
3729	0.009801449
3730	0.009188858
3731	0.008612302
3732	0.008107816
3733	0.007639364
3734	0.007206947
3735	0.006774531
3736	0.006414183
3737	0.006089871
3738	0.005765558
3739	0.00547728
3740	0.005225037
3741	0.004972794
3742	0.004720551
3743	0.004504342
3744	0.004288134
3745	0.00410796
3746	0.003927786
3747	0.003747613
3748	0.003603474
3749	0.003459335
3750	0.003315196
3751	0.003171057
3752	0.003062953
3753	0.002918814
3754	0.00281071
3755	0.002702605
3756	0.002630536
3757	0.002522432
3758	0.002414327
3759	0.002342258
3760	0.002270188
3761	0.002198119
3762	0.00212605
3763	0.00205398
3764	0.001981911
3765	0.001909841
3766	0.001837772
3767	0.001765702
3768	0.001729667
3769	0.001657598
3770	0.001621563
3771	0.001585528
3772	0.001513459
3773	0.001477424
3774	0.001441389
3775	0.001405355
3776	0.001333285
3777	0.001297251
3778	0.001261216
3779	0.001225181
3780	0.001189146
3781	0.001153112
3782	0.001117077
3783	0.001117077
3784	0.001081042
3785	0.001045007
3786	0.001008973
3787	0.000972938
3788	0.000972938
3789	0.000936903
3790	0.000900868
3791	0.000900868
3792	0.000864834
3793	0.000828799
3794	0.000828799
3795	0.000792764
3796	0.000792764
3797	0.000756729
3798	0.000720695
3799	0.000720695
3800	0.00068466
3801	0.00068466
3802	0.000648625
3803	0.000648625
3804	0.000648625
3805	0.000612591
3806	0.000612591
3807	0.000576556
3808	0.000576556
3809	0.000540521
3810	0.000540521
