-300	0.001097917
-299	0.001111904
-298	0.001118897
-297	0.00112589
-296	0.001132883
-295	0.001146869
-294	0.001153862
-293	0.001167849
-292	0.001174842
-291	0.001188828
-290	0.001195821
-289	0.001209807
-288	0.0012168
-287	0.001230786
-286	0.00123778
-285	0.001251766
-284	0.001265752
-283	0.001272745
-282	0.001286731
-281	0.001300717
-280	0.001314704
-279	0.001321697
-278	0.001335683
-277	0.001349669
-276	0.001363655
-275	0.001377642
-274	0.001391628
-273	0.001405614
-272	0.001426593
-271	0.00144058
-270	0.001454566
-269	0.001468552
-268	0.001489531
-267	0.001503518
-266	0.001524497
-265	0.001538483
-264	0.001559462
-263	0.001573449
-262	0.001594428
-261	0.001615407
-260	0.001636387
-259	0.001657366
-258	0.001678345
-257	0.001699324
-256	0.001727297
-255	0.001748276
-254	0.001769256
-253	0.001797228
-252	0.0018252
-251	0.001853173
-250	0.001881145
-249	0.001909118
-248	0.00193709
-247	0.001972056
-246	0.002007021
-245	0.002034993
-244	0.002069959
-243	0.002111918
-242	0.002146883
-241	0.002188842
-240	0.0022308
-239	0.002272759
-238	0.002321711
-237	0.002370663
-236	0.002419614
-235	0.002475559
-234	0.002531504
-233	0.002594442
-232	0.00265738
-231	0.002727311
-230	0.002797242
-229	0.002874166
-228	0.00295109
-227	0.003035007
-226	0.003132911
-225	0.003230814
-224	0.003335711
-223	0.003447601
-222	0.003573477
-221	0.003706346
-220	0.003853201
-219	0.004007049
-218	0.004181877
-217	0.00437069
-216	0.004580484
-215	0.004811256
-214	0.005070001
-213	0.005356718
-212	0.005678401
-211	0.006035049
-210	0.006447643
-209	0.006916181
-208	0.00745465
-207	0.008077036
-206	0.008804319
-205	0.009664471
-204	0.010678471
-203	0.011902264
-202	0.013377809
-201	0.015196017
-200	0.01743381
-199	0.020210073
-198	0.023664667
-197	0.027916474
-196	0.033007455
-195	0.038769773
-194	0.044678947
-193	0.049923775
-192	0.053693059
-191	0.055665114
-190	0.056049735
-189	0.05529448
-188	0.0538539
-187	0.052175555
-186	0.050483224
-185	0.048734947
-184	0.046853802
-183	0.045035595
-182	0.043567043
-181	0.042511084
-180	0.041525056
-179	0.040252311
-178	0.03867187
-177	0.037161359
-176	0.036133372
-175	0.035706793
-174	0.035594903
-173	0.035273221
-172	0.034350131
-171	0.032916544
-170	0.031434006
-169	0.03038504
-168	0.030014406
-167	0.030266158
-166	0.030797634
-165	0.031042392
-164	0.030573854
-163	0.029364047
-162	0.027818571
-161	0.026454915
-160	0.025636722
-159	0.025510846
-158	0.02601435
-157	0.026867509
-156	0.027587798
-155	0.027671716
-154	0.026853522
-153	0.025329026
-152	0.023573756
-151	0.022021287
-150	0.020944349
-149	0.020468818
-148	0.020601687
-147	0.021321977
-146	0.022475839
-145	0.023804529
-144	0.024867481
-143	0.025252101
-142	0.024741605
-141	0.023496832
-140	0.021923384
-139	0.020454832
-138	0.019363907
-137	0.018790473
-136	0.018776486
-135	0.019300969
-134	0.020273011
-133	0.02151079
-132	0.022706611
-131	0.023496832
-130	0.023594736
-129	0.022923398
-128	0.021671632
-127	0.020140142
-126	0.01867159
-125	0.017489755
-124	0.016727507
-123	0.016426803
-122	0.016580651
-121	0.017168072
-120	0.018112141
-119	0.019272997
-118	0.020440845
-117	0.021363935
-116	0.021839466
-115	0.021741563
-114	0.021077218
-113	0.019986294
-112	0.018678583
-111	0.017377865
-110	0.016265962
-109	0.015461755
-108	0.015028182
-107	0.014972237
-106	0.015279934
-105	0.01590232
-104	0.016741493
-103	0.017685562
-102	0.018608652
-101	0.01939188
-100	0.019923356
-99	0.020098183
-98	0.019895383
-97	0.019349921
-96	0.018545714
-95	0.017601645
-94	0.016629603
-93	0.015727493
-92	0.015007203
-91	0.014538665
-90	0.014356844
-89	0.014454748
-88	0.014783424
-87	0.015265948
-86	0.015839382
-85	0.016433796
-84	0.01702821
-83	0.017566679
-82	0.018007245
-81	0.018286969
-80	0.018363893
-79	0.018217038
-78	0.017902348
-77	0.017468776
-76	0.016993245
-75	0.016517714
-74	0.016077148
-73	0.015706513
-72	0.01540581
-71	0.01520301
-70	0.015105106
-69	0.015112099
-68	0.015210003
-67	0.015377837
-66	0.015622596
-65	0.015916307
-64	0.016251976
-63	0.016601631
-62	0.016951286
-61	0.01725199
-60	0.017475769
-59	0.017608638
-58	0.017671576
-57	0.017699548
-56	0.017755493
-55	0.017881369
-54	0.018119135
-53	0.018475783
-52	0.018958307
-51	0.019524749
-50	0.020140142
-49	0.020727563
-48	0.021252045
-47	0.021685618
-46	0.022014294
-45	0.022252059
-44	0.022440873
-43	0.022622694
-42	0.02283948
-41	0.023098225
-40	0.023426901
-39	0.023804529
-38	0.024252087
-37	0.024755591
-36	0.025315039
-35	0.025930433
-34	0.02662275
-33	0.027398985
-32	0.028196199
-31	0.028951454
-30	0.029601813
-29	0.030140282
-28	0.030615813
-27	0.031035399
-26	0.031440999
-25	0.031846599
-24	0.032252199
-23	0.032650806
-22	0.033014448
-21	0.0332662
-20	0.033364103
-19	0.033308158
-18	0.033140324
-17	0.032916544
-16	0.03263682
-15	0.032280172
-14	0.031818627
-13	0.031301137
-12	0.030755675
-11	0.03020322
-10	0.029608806
-9	0.028937468
-8	0.028196199
-7	0.027412971
-6	0.026664709
-5	0.02601435
-4	0.025517839
-3	0.025217136
-2	0.025140212
-1	0.025301053
0	0.025741619
1	0.026489881
2	0.027566819
3	0.028986419
4	0.030713716
5	0.032706751
6	0.034923565
7	0.037287235
8	0.039734821
9	0.042196394
10	0.044678947
11	0.047238423
12	0.049986713
13	0.053007734
14	0.056329459
15	0.059930908
16	0.06376313
17	0.067756192
18	0.071861145
19	0.076043022
20	0.080294829
21	0.084637547
22	0.089071176
23	0.093567742
24	0.098071302
25	0.102462972
26	0.10658191
27	0.110302242
28	0.113658932
29	0.11689674
30	0.120337347
31	0.124274465
32	0.128868935
33	0.134190688
34	0.140113848
35	0.146302745
36	0.15219094
37	0.157128072
38	0.160561686
39	0.162177093
40	0.161960307
41	0.160246996
42	0.157638568
43	0.15484832
44	0.152512623
45	0.151134981
46	0.150974139
47	0.152044085
48	0.154176981
49	0.157149051
50	0.160743507
51	0.164820487
52	0.169345026
53	0.174408034
54	0.180093428
55	0.186422188
56	0.193345361
57	0.200744066
58	0.208457461
59	0.216296731
60	0.224191947
61	0.232234017
62	0.240583784
63	0.249395096
64	0.258737884
65	0.268395362
66	0.277808081
67	0.286304704
68	0.29345865
69	0.299172016
70	0.303472776
71	0.306270018
72	0.307416887
73	0.306801494
74	0.304549714
75	0.301179037
76	0.297451713
77	0.29417894
78	0.292039049
79	0.291381698
80	0.292157932
81	0.293843271
82	0.295682457
83	0.297060099
84	0.297815354
85	0.298192982
86	0.298521658
87	0.298885299
88	0.299011175
89	0.298360816
90	0.296360788
91	0.292766332
92	0.288032
93	0.283122841
94	0.278968937
95	0.276017846
96	0.27429055
97	0.273584246
98	0.273703129
99	0.274458384
100	0.27571015
101	0.277283598
102	0.27897593
103	0.280696234
104	0.282493461
105	0.284521462
106	0.286822193
107	0.289206842
108	0.291262815
109	0.292570525
110	0.292871229
111	0.292032056
112	0.290018042
113	0.286955062
114	0.283311655
115	0.279864054
116	0.277479405
117	0.276884991
118	0.278416481
119	0.281892054
120	0.286661352
121	0.291864222
122	0.296661492
123	0.300549658
124	0.303493755
125	0.30589239
126	0.308416901
127	0.311696667
128	0.316144282
129	0.321759745
130	0.328053539
131	0.334242437
132	0.339522231
133	0.343333473
134	0.345361474
135	0.345459377
136	0.343753059
137	0.34069008
138	0.337011706
139	0.33352914
140	0.330913719
141	0.329515098
142	0.329242367
143	0.329745871
144	0.33066896
145	0.33170394
146	0.332571085
147	0.33292074
148	0.332487168
149	0.331375264
150	0.33008154
151	0.329270339
152	0.329382229
153	0.330326298
154	0.331529112
155	0.332326326
156	0.332382271
157	0.331878768
158	0.331277361
159	0.330955678
160	0.331102533
161	0.33181583
162	0.333081582
163	0.334724961
164	0.336319389
165	0.337277444
166	0.337144575
167	0.335941761
168	0.334242437
169	0.332934726
170	0.332864795
171	0.334459223
172	0.337655072
173	0.341962825
174	0.346732122
175	0.351452468
176	0.356025958
177	0.36076029
178	0.366089036
179	0.372312899
180	0.379438873
181	0.387173247
182	0.395110421
183	0.402781857
184	0.409579155
185	0.414656149
186	0.417278563
187	0.417481363
188	0.416236591
189	0.414914894
190	0.414488315
191	0.415152659
192	0.416586246
193	0.418383474
194	0.420376509
195	0.422649268
196	0.42544651
197	0.429103904
198	0.433838235
199	0.43961454
200	0.446153093
201	0.452950391
202	0.459279151
203	0.464384117
204	0.467747801
205	0.469265304
206	0.46918838
207	0.467950601
208	0.466013511
209	0.463747745
210	0.461370089
211	0.458922502
212	0.456390998
213	0.453922432
214	0.451817508
215	0.450300004
216	0.449369921
217	0.448950335
218	0.44900628
219	0.449467825
220	0.450306997
221	0.451705618
222	0.454062295
223	0.45756584
224	0.461831634
225	0.46594358
226	0.468684877
227	0.46909747
228	0.466908628
229	0.462712765
230	0.457712695
231	0.453223122
232	0.450125177
233	0.448544735
234	0.447978293
235	0.447572693
236	0.446481769
237	0.444202017
238	0.44064952
239	0.436062043
240	0.430999035
241	0.426334634
242	0.423005916
243	0.42177513
244	0.422935985
245	0.426418551
246	0.432187863
247	0.440642526
248	0.452314018
249	0.466950587
250	0.483118645
251	0.498923062
252	0.513126058
253	0.52558777
254	0.536804711
255	0.547000657
256	0.555420356
257	0.560553294
258	0.561070784
259	0.556553239
260	0.547308354
261	0.533895579
262	0.517210031
263	0.499090896
264	0.482335417
265	0.469279291
266	0.460321123
267	0.453677674
268	0.446747507
269	0.437950181
270	0.427299683
271	0.415586232
272	0.403516133
273	0.391585896
274	0.380285039
275	0.37015203
276	0.361543518
277	0.354585379
278	0.349263626
279	0.345620218
280	0.343550259
281	0.342487308
282	0.341326452
283	0.338892852
284	0.334745941
285	0.329599015
286	0.324738808
287	0.3208926
288	0.317675772
289	0.314228171
290	0.310137205
291	0.305969314
292	0.302878362
293	0.301759465
294	0.302577658
295	0.304402859
296	0.305857425
297	0.305626652
298	0.30282941
299	0.297325837
300	0.289703352
301	0.280794137
302	0.271129666
303	0.260891761
304	0.250115386
305	0.238982363
306	0.227737451
307	0.216618414
308	0.205870012
309	0.1956391
310	0.185946657
311	0.176778696
312	0.168352005
313	0.161016238
314	0.154946223
315	0.150065036
316	0.146288759
317	0.143715297
318	0.142547448
319	0.142862138
320	0.144547476
321	0.147498566
322	0.151757367
323	0.157435768
324	0.164659646
325	0.17361082
326	0.18462496
327	0.198198576
328	0.214800207
329	0.234548735
330	0.25692667
331	0.280570358
332	0.303423824
333	0.323389138
334	0.339186562
335	0.350725185
336	0.358886138
337	0.364823284
338	0.369179989
339	0.371949258
340	0.372711506
341	0.371103092
342	0.366914223
343	0.360130911
344	0.351032882
345	0.340347417
346	0.329305305
347	0.319459013
348	0.312074295
349	0.307556749
350	0.305207066
351	0.303633617
352	0.301654569
353	0.298857327
354	0.295640498
355	0.292815284
356	0.291087987
357	0.290752318
358	0.29172436
359	0.293843271
360	0.296864292
361	0.300200003
362	0.303011231
363	0.304493769
364	0.304137121
365	0.301934293
366	0.298388789
367	0.294150967
368	0.289682373
369	0.285199793
370	0.280787144
371	0.276444426
372	0.272066742
373	0.267479265
374	0.262465209
375	0.256898698
376	0.250870642
377	0.244702723
378	0.23877257
379	0.233450817
380	0.229122086
381	0.226143023
382	0.22480734
383	0.225226926
384	0.227198982
385	0.230066155
386	0.23264661
387	0.233506762
388	0.231534707
389	0.226548623
390	0.219408663
391	0.211604358
392	0.204618246
393	0.199450342
394	0.196429321
395	0.195310424
396	0.195401334
397	0.195890852
398	0.196142603
399	0.195939803
400	0.195478258
401	0.195156576
402	0.195296438
403	0.196093652
404	0.19757619
405	0.199646149
406	0.202107722
407	0.204632233
408	0.206877019
409	0.208604316
410	0.209856082
411	0.210891061
412	0.212009958
413	0.213408579
414	0.215086924
415	0.216926111
416	0.218786277
417	0.220387698
418	0.221080015
419	0.219968111
420	0.216457573
421	0.210660289
422	0.203373474
423	0.195827914
424	0.189289361
425	0.184750836
426	0.182736821
427	0.183345222
428	0.186401208
429	0.191499182
430	0.198086687
431	0.205478398
432	0.212842138
433	0.219366704
434	0.224408733
435	0.227639547
436	0.229164044
437	0.229583631
438	0.22989832
439	0.231268969
440	0.234660625
441	0.240604764
442	0.24917831
443	0.260017623
444	0.27255626
445	0.286290717
446	0.300829382
447	0.315654764
448	0.329724891
449	0.341550231
450	0.349760137
451	0.353858096
452	0.354508455
453	0.353186758
454	0.351466454
455	0.350431475
456	0.350599309
457	0.352046882
458	0.3545644
459	0.357823186
460	0.36118687
461	0.363578512
462	0.363746346
463	0.361095959
464	0.35627771
465	0.350536371
466	0.344718108
467	0.339130617
468	0.334270409
469	0.331053581
470	0.330032588
471	0.330731898
472	0.331738905
473	0.331494147
474	0.32904656
475	0.32427027
476	0.317507937
477	0.309060267
478	0.298948237
479	0.28712989
480	0.273926908
481	0.260374271
482	0.248150324
483	0.23897537
484	0.234150128
485	0.2341781
486	0.238653687
487	0.246290158
488	0.255199373
489	0.263612078
490	0.270549238
491	0.276045819
492	0.280899034
493	0.286101904
494	0.292451643
495	0.300262941
496	0.309102225
497	0.317773675
498	0.324773773
499	0.329039567
500	0.330242381
501	0.32843816
502	0.323871663
503	0.317207234
504	0.309612722
505	0.302283948
506	0.296039105
507	0.291234842
508	0.288045987
509	0.286626386
510	0.287248773
511	0.290248815
512	0.295871271
513	0.304102155
514	0.314486916
515	0.326249318
516	0.338459279
517	0.350137764
518	0.360067973
519	0.366781354
520	0.368907257
521	0.365921202
522	0.358550469
523	0.348452426
524	0.337599127
525	0.327794794
526	0.320347138
527	0.315878544
528	0.314389012
529	0.315521895
530	0.318759703
531	0.323515014
532	0.329193415
533	0.33528441
534	0.3414803
535	0.347676191
536	0.353746206
537	0.359165862
538	0.362830249
539	0.363403684
540	0.360046994
541	0.352837103
542	0.342543252
543	0.33017245
544	0.31659184
545	0.302458776
546	0.288276759
547	0.274570274
548	0.26203863
549	0.251423097
550	0.243332075
551	0.238010322
552	0.235394901
553	0.235241052
554	0.237318004
555	0.241380998
556	0.247164296
557	0.25438118
558	0.262821858
559	0.272360453
560	0.282920041
561	0.294339781
562	0.306284004
563	0.318088365
564	0.328724877
565	0.336899817
566	0.341158618
567	0.340396369
568	0.334578106
569	0.325382173
570	0.315738682
571	0.308472846
572	0.305074197
573	0.305416859
574	0.308130184
575	0.311291067
576	0.313200185
577	0.313004378
578	0.310871481
579	0.307598708
580	0.303773479
581	0.299060127
582	0.292409684
583	0.283003958
584	0.270891901
585	0.256786808
586	0.241527854
587	0.225835326
588	0.210254689
589	0.1952335
590	0.181121414
591	0.168163191
592	0.156456734
593	0.145988056
594	0.136666247
595	0.128393404
596	0.121057637
597	0.114568036
598	0.108826697
599	0.103784668
600	0.099392999
601	0.095609729
602	0.092448845
603	0.089917342
604	0.088071162
605	0.086994224
606	0.08680541
607	0.08761661
608	0.089567686
609	0.092798501
610	0.097476888
611	0.103847606
612	0.112232339
613	0.123078644
614	0.136952964
615	0.154505657
616	0.176296172
617	0.20246437
618	0.232164086
619	0.263080603
620	0.291808277
621	0.315200213
622	0.331731912
623	0.341543238
624	0.345550287
625	0.344871956
626	0.340773997
627	0.334822865
628	0.328619981
629	0.323508021
630	0.320347138
631	0.319431041
632	0.320396089
633	0.322137373
634	0.323207318
635	0.322668849
636	0.320857634
637	0.3190674
638	0.318584875
639	0.319913565
640	0.322619897
641	0.325522035
642	0.327067511
643	0.325843718
644	0.321074421
645	0.312892488
646	0.302234996
647	0.290332732
648	0.278486412
649	0.268213541
650	0.261479182
651	0.260283361
652	0.266031693
653	0.279115792
654	0.298766416
655	0.323067455
656	0.349060826
657	0.373152072
658	0.391704779
659	0.402103526
660	0.40382383
661	0.398530049
662	0.388466972
663	0.37506119
664	0.35904698
665	0.341354425
666	0.323221304
667	0.305717562
668	0.289367683
669	0.274157681
670	0.259709926
671	0.245541896
672	0.231520721
673	0.218142911
674	0.206499392
675	0.197813955
676	0.19307263
677	0.192918782
678	0.197785983
679	0.208163751
680	0.224702443
681	0.248241234
682	0.279661254
683	0.319417055
684	0.366760374
685	0.418768095
686	0.469621953
687	0.511251906
688	0.535769731
689	0.538399138
690	0.518923342
691	0.482027721
692	0.436341767
693	0.391299179
694	0.353767186
695	0.327074505
696	0.312004364
697	0.30794137
698	0.313186198
699	0.324689856
700	0.33801172
701	0.348494385
702	0.353340606
703	0.35251542
704	0.347795074
705	0.341270507
706	0.334501182
707	0.328361236
708	0.323158366
709	0.318892572
710	0.315368047
711	0.312151219
712	0.308402915
713	0.302703534
714	0.29325585
715	0.278444454
716	0.257835774
717	0.232842417
718	0.206226661
719	0.180743787
720	0.158170044
721	0.139183765
722	0.123687045
723	0.111232325
724	0.10128813
725	0.093364942
726	0.087057162
727	0.082050099
728	0.078105987
729	0.075043008
730	0.07272829
731	0.071070924
732	0.069993986
733	0.069448524
734	0.069413558
735	0.069875103
736	0.070840152
737	0.072329683
738	0.074378663
739	0.077043036
740	0.080392733
741	0.084539644
742	0.089616638
743	0.095805536
744	0.10333711
745	0.112512063
746	0.123756976
747	0.137589337
748	0.154715451
749	0.176051413
750	0.202737101
751	0.236080225
752	0.277311571
753	0.326990587
754	0.383851522
755	0.443670541
756	0.499454538
757	0.544119498
758	0.573763269
759	0.588183052
760	0.589008238
761	0.578280815
762	0.558105708
763	0.530622806
764	0.498314662
765	0.463943552
766	0.429579435
767	0.395928614
768	0.363040043
769	0.331585057
770	0.303200045
771	0.279836082
772	0.263038644
773	0.253723828
774	0.252360173
775	0.259360271
776	0.275241612
777	0.300563644
778	0.335494203
779	0.378837466
780	0.426936041
781	0.473020602
782	0.508042071
783	0.523287039
784	0.513692499
785	0.480293431
786	0.430194828
787	0.373235989
788	0.31782962
789	0.268877886
790	0.228038154
791	0.19500972
792	0.168659702
793	0.147715353
794	0.131036798
795	0.117721926
796	0.107057441
797	0.098511867
798	0.091686597
799	0.086294913
800	0.082134016
801	0.07905705
802	0.076973105
803	0.075847215
804	0.075693366
805	0.076560511
806	0.078567532
807	0.081889257
808	0.086770444
809	0.093532777
810	0.102518916
811	0.114057539
812	0.128190604
813	0.144477545
814	0.16178548
815	0.178575924
816	0.193443265
817	0.205394481
818	0.213541448
819	0.216940097
820	0.214982028
821	0.207953957
822	0.197051707
823	0.183750822
824	0.169156212
825	0.153855299
826	0.138162772
827	0.122554162
828	0.107735773
829	0.094413908
830	0.082987175
831	0.073504525
832	0.065770151
833	0.059497336
834	0.054399362
835	0.050238465
836	0.046818837
837	0.043986629
838	0.041636946
839	0.03966489
840	0.038007525
841	0.036615897
842	0.035441055
843	0.034455027
844	0.033629841
845	0.032944517
846	0.032385068
847	0.031930517
848	0.031573868
849	0.03130813
850	0.031126309
851	0.031021413
852	0.030986447
853	0.031021413
854	0.031133303
855	0.031301137
856	0.031538903
857	0.031846599
858	0.032217234
859	0.032657799
860	0.033168296
861	0.033748724
862	0.034413069
863	0.035161331
864	0.03599351
865	0.036923593
866	0.037958573
867	0.039105442
868	0.040378187
869	0.041790794
870	0.04335725
871	0.045098533
872	0.047042616
873	0.049210478
874	0.051637086
875	0.054364397
876	0.057448356
877	0.060944908
878	0.064937971
879	0.069525448
880	0.074826221
881	0.081015119
882	0.088287948
883	0.096931426
884	0.107295207
885	0.119854823
886	0.135225667
887	0.154156002
888	0.177540945
889	0.206191695
890	0.240408957
891	0.278947957
892	0.317668779
893	0.349179709
894	0.365774346
895	0.365186926
896	0.352914027
897	0.33801172
898	0.327885705
899	0.326731842
900	0.336487224
901	0.358039973
902	0.391669814
903	0.436537574
904	0.489419432
905	0.543888726
906	0.592113176
907	0.629715101
908	0.658547672
909	0.683107456
910	0.704939929
911	0.721100994
912	0.727919272
913	0.726625547
914	0.724856292
915	0.732534721
916	0.757052546
917	0.800969244
918	0.860900152
919	0.926061903
920	0.978733968
921	1
922	0.980153569
923	0.925103848
924	0.851830096
925	0.777381502
926	0.711625337
927	0.656848348
928	0.610868683
929	0.570000979
930	0.53069973
931	0.490237626
932	0.447258004
933	0.402355278
934	0.357872138
935	0.31670373
936	0.280982951
937	0.251562959
938	0.228261934
939	0.210450496
940	0.197401362
941	0.188513126
942	0.183394173
943	0.181834711
944	0.183862711
945	0.18971594
946	0.199848949
947	0.214926083
948	0.23570959
949	0.262821858
950	0.29609505
951	0.333655016
952	0.371249948
953	0.403229416
954	0.425495461
955	0.437873257
956	0.443474734
957	0.4459433
958	0.447181079
959	0.44706919
960	0.444866362
961	0.440810361
962	0.436404705
963	0.433299766
964	0.43206898
965	0.431530511
966	0.428649352
967	0.419236633
968	0.399921677
969	0.370326858
970	0.33355012
971	0.294626498
972	0.25816445
973	0.226905271
974	0.201709115
975	0.182310242
976	0.168009343
977	0.158114099
978	0.15207905
979	0.149589505
980	0.15054756
981	0.155072099
982	0.163526763
983	0.176484986
984	0.194667058
985	0.218779284
986	0.248940545
987	0.283808165
988	0.319473
989	0.349585309
990	0.368061092
991	0.37321501
992	0.369277892
993	0.363473615
994	0.361193863
995	0.362949132
996	0.364193905
997	0.358081931
998	0.339732024
999	0.309298032
1000	0.271640163
1001	0.232968293
1002	0.197737031
1003	0.167834515
1004	0.143358648
1005	0.123624107
1006	0.107749759
1007	0.094917411
1008	0.08446272
1009	0.075868194
1010	0.068728234
1011	0.062742136
1012	0.057672135
1013	0.053343403
1014	0.049623072
1015	0.04639925
1016	0.043588022
1017	0.041126449
1018	0.038951594
1019	0.03702849
1020	0.035315179
1021	0.033790682
1022	0.032420034
1023	0.031196241
1024	0.03009133
1025	0.029098309
1026	0.028203192
1027	0.027391991
1028	0.026664709
1029	0.026007357
1030	0.025419936
1031	0.02488846
1032	0.024419922
1033	0.023993343
1034	0.023622708
1035	0.023301025
1036	0.023021301
1037	0.022783535
1038	0.022587728
1039	0.022426887
1040	0.022314997
1041	0.022238073
1042	0.022196115
1043	0.022203108
1044	0.022245066
1045	0.022328984
1046	0.02245486
1047	0.022629687
1048	0.022846473
1049	0.023119204
1050	0.02344788
1051	0.023825508
1052	0.024273067
1053	0.02479755
1054	0.025391964
1055	0.026070295
1056	0.026846529
1057	0.027734654
1058	0.028748654
1059	0.029902516
1060	0.03121722
1061	0.03272773
1062	0.034455027
1063	0.036455055
1064	0.038769773
1065	0.041469111
1066	0.044629995
1067	0.048364313
1068	0.052804934
1069	0.058126687
1070	0.064581323
1071	0.072462552
1072	0.082189961
1073	0.094309011
1074	0.109491042
1075	0.128547252
1076	0.152288843
1077	0.181107428
1078	0.214170828
1079	0.248031441
1080	0.275787074
1081	0.28906698
1082	0.283528441
1083	0.262633044
1084	0.234681604
1085	0.207163737
1086	0.184212367
1087	0.16717017
1088	0.156037147
1089	0.150400705
1090	0.149904194
1091	0.154449713
1092	0.164212087
1093	0.179589924
1094	0.201023791
1095	0.228492706
1096	0.26080085
1097	0.294780347
1098	0.325703856
1099	0.34934055
1100	0.36413796
1101	0.371312885
1102	0.373208017
1103	0.371718486
1104	0.367445699
1105	0.359641394
1106	0.346641212
1107	0.326808767
1108	0.299696499
1109	0.266961776
1110	0.232045203
1111	0.198625156
1112	0.169156212
1113	0.14453349
1114	0.12453321
1115	0.108498021
1116	0.09567966
1117	0.085420775
1118	0.077168911
1119	0.070518469
1120	0.065154757
1121	0.060840012
1122	0.057392411
1123	0.05468608
1124	0.052623114
1125	0.051147568
1126	0.050203499
1127	0.049783913
1128	0.049881817
1129	0.050532175
1130	0.051769955
1131	0.053672079
1132	0.056343445
1133	0.059937901
1134	0.064658247
1135	0.070784207
1136	0.078693408
1137	0.088889355
1138	0.10200842
1139	0.11883383
1140	0.14014182
1141	0.166414915
1142	0.197002755
1143	0.228863341
1144	0.255514063
1145	0.268535224
1146	0.262681996
1147	0.240255108
1148	0.209051875
1149	0.176778696
1150	0.147883187
1151	0.123840893
1152	0.104532931
1153	0.08923901
1154	0.077147932
1155	0.067546399
1156	0.05986797
1157	0.053672079
1158	0.048644037
1159	0.044518105
1160	0.041112463
1161	0.038287249
1162	0.035937566
1163	0.03396551
1164	0.032315137
1165	0.030937496
1166	0.029783633
1167	0.028832571
1168	0.028049343
1169	0.027419964
1170	0.026923453
1171	0.026552819
1172	0.026301067
1173	0.026154212
1174	0.026112253
1175	0.026168198
1176	0.026322046
1177	0.026580791
1178	0.02693744
1179	0.027398985
1180	0.027972419
1181	0.028664737
1182	0.02948293
1183	0.030447978
1184	0.031559882
1185	0.032846613
1186	0.034336145
1187	0.036042462
1188	0.038007525
1189	0.040280284
1190	0.042895705
1191	0.045937705
1192	0.049476216
1193	0.053623128
1194	0.058504315
1195	0.064294606
1196	0.071224772
1197	0.079581533
1198	0.089749507
1199	0.102232199
1200	0.117658988
1201	0.136827088
1202	0.160582665
1203	0.18962503
1204	0.223954181
1205	0.261996671
1206	0.299864334
1207	0.332053595
1208	0.354081875
1209	0.365410705
1210	0.369844333
1211	0.373445782
1212	0.381599743
1213	0.396453097
1214	0.415586232
1215	0.432957104
1216	0.442656541
1217	0.443236968
1218	0.438222912
1219	0.431873173
1220	0.424159778
1221	0.409907831
1222	0.383459909
1223	0.344522301
1224	0.298808375
1225	0.253409139
1226	0.212954027
1227	0.179058448
1228	0.151505615
1229	0.129365446
1230	0.11158198
1231	0.09721115
1232	0.085504692
1233	0.07588218
1234	0.067896054
1235	0.061210646
1236	0.055553225
1237	0.050734975
1238	0.04660205
1239	0.043028574
1240	0.039916642
1241	0.037196324
1242	0.034804683
1243	0.032685772
1244	0.03081162
1245	0.029133275
1246	0.02763675
1247	0.026294074
1248	0.025084267
1249	0.023993343
1250	0.023007315
1251	0.022112197
1252	0.021300997
1253	0.020559728
1254	0.01988839
1255	0.01927999
1256	0.018720542
1257	0.018217038
1258	0.017755493
1259	0.017335907
1260	0.016951286
1261	0.016601631
1262	0.016293934
1263	0.016007217
1264	0.015755465
1265	0.015531686
1266	0.015335879
1267	0.015161051
1268	0.015014196
1269	0.01488832
1270	0.014783424
1271	0.014699506
1272	0.014643561
1273	0.014608596
1274	0.014587617
1275	0.014601603
1276	0.014629575
1277	0.014678527
1278	0.014762444
1279	0.014860348
1280	0.014993217
1281	0.015147065
1282	0.015328886
1283	0.015552665
1284	0.015797424
1285	0.016091134
1286	0.01641981
1287	0.016790445
1288	0.017217024
1289	0.017692555
1290	0.018231024
1291	0.018846417
1292	0.019538735
1293	0.020314969
1294	0.021203094
1295	0.022217094
1296	0.023370956
1297	0.024692653
1298	0.02621715
1299	0.027986405
1300	0.030035385
1301	0.032448006
1302	0.0352942
1303	0.03867187
1304	0.042734863
1305	0.047651016
1306	0.053658093
1307	0.061077777
1308	0.070308676
1309	0.081889257
1310	0.096469881
1311	0.11475685
1312	0.137316606
1313	0.164065232
1314	0.193415293
1315	0.221513588
1316	0.242562833
1317	0.251192324
1318	0.24539504
1319	0.227310871
1320	0.201730094
1321	0.173750682
1322	0.14719087
1323	0.124106631
1324	0.1050714
1325	0.089819438
1326	0.077756332
1327	0.06824571
1328	0.060749101
1329	0.054811955
1330	0.050098603
1331	0.046350299
1332	0.043385222
1333	0.041042532
1334	0.039224325
1335	0.03783969
1336	0.036839676
1337	0.036182324
1338	0.035825676
1339	0.035755745
1340	0.035965538
1341	0.036455055
1342	0.037238283
1343	0.038329207
1344	0.039762794
1345	0.041581001
1346	0.04385376
1347	0.046657995
1348	0.050098603
1349	0.054343417
1350	0.059567267
1351	0.066049875
1352	0.074126911
1353	0.08425992
1354	0.096994364
1355	0.112987594
1356	0.132806053
1357	0.156589603
1358	0.183422146
1359	0.210513434
1360	0.233303962
1361	0.247059399
1362	0.249325165
1363	0.240968405
1364	0.225031119
1365	0.204967902
1366	0.183555015
1367	0.162708569
1368	0.143652359
1369	0.127113666
1370	0.113435153
1371	0.10261682
1372	0.094427894
1373	0.088525714
1374	0.084574609
1375	0.082308843
1376	0.081532609
1377	0.082134016
1378	0.084092085
1379	0.087441782
1380	0.092329963
1381	0.098966419
1382	0.107686821
1383	0.118959706
1384	0.133400467
1385	0.151750374
1386	0.174834613
1387	0.203205639
1388	0.236527784
1389	0.272479335
1390	0.305878404
1391	0.329668946
1392	0.338620121
1393	0.333088575
1394	0.31895551
1395	0.304004252
1396	0.294451671
1397	0.293906208
1398	0.304018238
1399	0.325165387
1400	0.35650149
1401	0.395250283
1402	0.436124981
1403	0.472041567
1404	0.496580372
1405	0.506629463
1406	0.503244801
1407	0.490489377
1408	0.473447181
1409	0.456432957
1410	0.441964223
1411	0.430404621
1412	0.420187695
1413	0.409075651
1414	0.395718821
1415	0.380124198
1416	0.362942139
1417	0.344270549
1418	0.3233262
1419	0.299276913
1420	0.27255626
1421	0.245150282
1422	0.219646429
1423	0.197995776
1424	0.1811354
1425	0.169226143
1426	0.162093176
1427	0.159526707
1428	0.161414845
1429	0.167736612
1430	0.178317179
1431	0.19248521
1432	0.208632289
1433	0.224156981
1434	0.236080225
1435	0.242304088
1436	0.24235304
1437	0.237213108
1438	0.228450748
1439	0.217625421
1440	0.20604484
1441	0.194743982
1442	0.184471111
1443	0.175687772
1444	0.168624736
1445	0.163393894
1446	0.160065176
1447	0.1587225
1448	0.159491741
1449	0.16259668
1450	0.168372984
1451	0.177289193
1452	0.190002657
1453	0.207359543
1454	0.230366858
1455	0.260038602
1456	0.29690625
1457	0.340102659
1458	0.386264144
1459	0.429383628
1460	0.463209276
1461	0.485041749
1462	0.496992965
1463	0.503419628
1464	0.507720388
1465	0.510888264
1466	0.511895271
1467	0.509321809
1468	0.50265738
1469	0.491950936
1470	0.476188478
1471	0.453111232
1472	0.421600302
1473	0.384243136
1474	0.346697157
1475	0.314479923
1476	0.290766304
1477	0.276255612
1478	0.269821956
1479	0.269038728
1480	0.270696094
1481	0.271696108
1482	0.270073707
1483	0.265486231
1484	0.258723898
1485	0.250444062
1486	0.240360005
1487	0.22755563
1488	0.211359599
1489	0.191953734
1490	0.170589798
1491	0.149148939
1492	0.129351459
1493	0.112176394
1494	0.09781955
1495	0.086029175
1496	0.076385684
1497	0.068469489
1498	0.06191695
1499	0.056455335
1500	0.051853872
1501	0.047937733
1502	0.044581043
1503	0.041678905
1504	0.039147401
1505	0.03693758
1506	0.03497951
1507	0.033252213
1508	0.03171373
1509	0.030336089
1510	0.029105302
1511	0.027993399
1512	0.026993385
1513	0.026091274
1514	0.025280074
1515	0.024538805
1516	0.023867467
1517	0.02326606
1518	0.022713604
1519	0.022217094
1520	0.021769535
1521	0.021363935
1522	0.021000294
1523	0.020678611
1524	0.020391894
1525	0.020140142
1526	0.019916362
1527	0.019727549
1528	0.019566707
1529	0.019433838
1530	0.019328942
1531	0.019252018
1532	0.019203066
1533	0.019175093
1534	0.019175093
1535	0.019203066
1536	0.019259011
1537	0.019335935
1538	0.019440831
1539	0.0195737
1540	0.019734542
1541	0.019923356
1542	0.020140142
1543	0.0203849
1544	0.020664625
1545	0.020979314
1546	0.02132897
1547	0.02171359
1548	0.02214017
1549	0.022608708
1550	0.023126198
1551	0.023685646
1552	0.024301039
1553	0.02497937
1554	0.025713646
1555	0.026517853
1556	0.027398985
1557	0.028364033
1558	0.029419992
1559	0.030580847
1560	0.031846599
1561	0.033252213
1562	0.034790696
1563	0.036504007
1564	0.038392145
1565	0.04049707
1566	0.042846753
1567	0.045483154
1568	0.04844823
1569	0.051790934
1570	0.055595183
1571	0.059944894
1572	0.064944964
1573	0.070742248
1574	0.077497587
1575	0.085448748
1576	0.094882446
1577	0.106183303
1578	0.119861816
1579	0.136568344
1580	0.157149051
1581	0.182645911
1582	0.214219779
1583	0.252905635
1584	0.298913272
1585	0.350529378
1586	0.40301263
1587	0.449111176
1588	0.482034714
1589	0.499027958
1590	0.5024336
1591	0.497839131
1592	0.491139736
1593	0.486503308
1594	0.485852949
1595	0.489419432
1596	0.496258689
1597	0.504363697
1598	0.510741409
1599	0.512237933
1600	0.507258843
1601	0.496517434
1602	0.482307445
1603	0.467517028
1604	0.455118253
1605	0.447775493
1606	0.447306955
1607	0.454265095
1608	0.467551994
1609	0.484237542
1610	0.500153848
1611	0.511559602
1612	0.516503727
1613	0.514671534
1614	0.506615477
1615	0.493349557
1616	0.476454216
1617	0.458034378
1618	0.440083078
1619	0.423775158
1620	0.409586148
1621	0.397446118
1622	0.386536875
1623	0.375305948
1624	0.362270801
1625	0.346857998
1626	0.329291319
1627	0.309920418
1628	0.288962083
1629	0.2668359
1630	0.244485937
1631	0.223080043
1632	0.203520329
1633	0.186275333
1634	0.171477923
1635	0.159002224
1636	0.14851956
1637	0.139610344
1638	0.131959888
1639	0.125337417
1640	0.119582092
1641	0.114582022
1642	0.110225318
1643	0.106428062
1644	0.103127316
1645	0.100267137
1646	0.097798571
1647	0.095651687
1648	0.093819494
1649	0.092274018
1650	0.09099428
1651	0.089938321
1652	0.089099148
1653	0.088490748
1654	0.088085148
1655	0.087854376
1656	0.087791438
1657	0.08791032
1658	0.088162072
1659	0.0885397
1660	0.089043203
1661	0.089721535
1662	0.090658611
1663	0.091994294
1664	0.093847466
1665	0.096295053
1666	0.099323067
1667	0.102889551
1668	0.106945552
1669	0.11149107
1670	0.116568064
1671	0.122225486
1672	0.128449349
1673	0.135127764
1674	0.141939048
1675	0.148351725
1676	0.153743409
1677	0.157813396
1678	0.160827424
1679	0.163393894
1680	0.165631687
1681	0.166624708
1682	0.164708597
1683	0.158358858
1684	0.147176884
1685	0.132169681
1686	0.11536525
1687	0.098868516
1688	0.084085092
1689	0.0716024
1690	0.061371488
1691	0.053091652
1692	0.046406243
1693	0.040972601
1694	0.036524986
1695	0.03283962
1696	0.029762654
1697	0.027168212
1698	0.024951398
1699	0.023049273
1700	0.021391908
1701	0.019951328
1702	0.018678583
1703	0.017559686
1704	0.016552679
1705	0.015657562
1706	0.014846361
1707	0.014119079
1708	0.013447741
1709	0.012846334
1710	0.012286885
1711	0.011776388
1712	0.01130785
1713	0.010874278
1714	0.010468678
1715	0.01009105
1716	0.009741395
1717	0.009412719
1718	0.009105022
1719	0.008818305
1720	0.008545574
1721	0.008293822
1722	0.008049064
1723	0.007825284
1724	0.007608498
1725	0.007398705
1726	0.007209891
1727	0.007021077
1728	0.00684625
1729	0.006678415
1730	0.006517574
1731	0.006363725
1732	0.00621687
1733	0.006077008
1734	0.005944139
1735	0.00581127
1736	0.005692387
1737	0.005573505
1738	0.005454622
1739	0.005349725
1740	0.005237835
1741	0.005139932
1742	0.005042029
1743	0.004944125
1744	0.004853215
1745	0.004762304
1746	0.004678387
1747	0.00459447
1748	0.004510553
1749	0.004433628
1750	0.004356704
1751	0.004286773
1752	0.004216842
1753	0.004146911
1754	0.00407698
1755	0.004014042
1756	0.003951104
1757	0.003888166
1758	0.003825228
1759	0.003769283
1760	0.003713339
1761	0.003657394
1762	0.003601449
1763	0.003552497
1764	0.003496552
1765	0.003447601
1766	0.003398649
1767	0.003349697
1768	0.003307739
1769	0.003258787
1770	0.003216828
1771	0.00317487
1772	0.003132911
1773	0.003090952
1774	0.003048994
1775	0.003007035
1776	0.00297207
1777	0.002937104
1778	0.002895145
1779	0.00286018
1780	0.002825214
1781	0.002790249
1782	0.002755283
1783	0.002720318
1784	0.002692345
1785	0.00265738
1786	0.002629407
1787	0.002594442
1788	0.002566469
1789	0.002538497
1790	0.002510525
1791	0.002482552
1792	0.00245458
1793	0.002426607
1794	0.002398635
1795	0.002370663
1796	0.00234269
1797	0.002321711
1798	0.002293738
1799	0.002272759
1800	0.002244787
1801	0.002223807
1802	0.002195835
1803	0.002174856
1804	0.002153876
1805	0.002132897
1806	0.002104925
1807	0.002083945
1808	0.002062966
1809	0.002041987
1810	0.002021007
1811	0.002007021
1812	0.001986042
1813	0.001965062
1814	0.001944083
1815	0.001930097
1816	0.001909118
1817	0.001888138
1818	0.001874152
1819	0.001853173
1820	0.001839187
1821	0.001818207
1822	0.001804221
1823	0.001783242
1824	0.001769256
1825	0.001755269
1826	0.00173429
1827	0.001720304
1828	0.001706318
1829	0.001692331
1830	0.001671352
1831	0.001657366
1832	0.00164338
1833	0.001629393
1834	0.001615407
1835	0.001601421
1836	0.001587435
1837	0.001573449
1838	0.001559462
1839	0.001545476
1840	0.00153149
1841	0.001517504
1842	0.001510511
1843	0.001496524
1844	0.001482538
1845	0.001468552
1846	0.001454566
1847	0.001447573
1848	0.001433586
1849	0.0014196
1850	0.001412607
1851	0.001398621
1852	0.001384635
1853	0.001377642
1854	0.001363655
1855	0.001356662
1856	0.001342676
1857	0.00132869
1858	0.001321697
1859	0.001307711
1860	0.001300717
1861	0.001293724
1862	0.001279738
1863	0.001272745
1864	0.001258759
1865	0.001251766
1866	0.00123778
1867	0.001230786
1868	0.001223793
1869	0.001209807
1870	0.001202814
1871	0.001195821
1872	0.001181835
1873	0.001174842
1874	0.001167849
1875	0.001160855
1876	0.001146869
1877	0.001139876
1878	0.001132883
1879	0.00112589
1880	0.001118897
1881	0.001104911
1882	0.001097917
1883	0.001090924
1884	0.001083931
1885	0.001076938
1886	0.001069945
1887	0.001062952
1888	0.001048966
1889	0.001041973
1890	0.00103498
1891	0.001027986
1892	0.001020993
1893	0.001014
1894	0.001007007
1895	0.001000014
1896	0.000993021
1897	0.000986028
1898	0.000979035
1899	0.000972042
1900	0.000965048
1901	0.000958055
1902	0.000951062
1903	0.000944069
1904	0.000937076
1905	0.000930083
1906	0.000930083
1907	0.00092309
1908	0.000916097
1909	0.000909104
1910	0.000902111
1911	0.000895117
1912	0.000888124
1913	0.000881131
1914	0.000874138
1915	0.000874138
1916	0.000867145
1917	0.000860152
1918	0.000853159
1919	0.000846166
1920	0.000839173
1921	0.000839173
1922	0.000832179
1923	0.000825186
1924	0.000818193
1925	0.000818193
1926	0.0008112
1927	0.000804207
1928	0.000797214
1929	0.000797214
1930	0.000790221
1931	0.000783228
1932	0.000776235
1933	0.000776235
1934	0.000769242
1935	0.000762248
1936	0.000755255
1937	0.000755255
1938	0.000748262
1939	0.000741269
1940	0.000741269
1941	0.000734276
1942	0.000727283
1943	0.000727283
1944	0.00072029
1945	0.000713297
1946	0.000713297
1947	0.000706304
1948	0.00069931
1949	0.00069931
1950	0.000692317
1951	0.000692317
1952	0.000685324
1953	0.000678331
1954	0.000678331
1955	0.000671338
1956	0.000664345
1957	0.000664345
1958	0.000657352
1959	0.000657352
1960	0.000650359
1961	0.000650359
1962	0.000643366
1963	0.000636373
1964	0.000636373
1965	0.000629379
1966	0.000629379
1967	0.000622386
1968	0.000622386
1969	0.000615393
1970	0.0006084
1971	0.0006084
1972	0.000601407
1973	0.000601407
1974	0.000594414
1975	0.000594414
1976	0.000587421
1977	0.000587421
1978	0.000580428
1979	0.000580428
1980	0.000573435
1981	0.000573435
1982	0.000566441
1983	0.000566441
1984	0.000559448
1985	0.000559448
1986	0.000552455
1987	0.000552455
1988	0.000545462
1989	0.000545462
1990	0.000538469
1991	0.000538469
1992	0.000538469
1993	0.000531476
1994	0.000531476
1995	0.000524483
1996	0.000524483
1997	0.00051749
1998	0.00051749
1999	0.000510497
2000	0.000510497
2001	0.000503504
2002	0.000503504
2003	0.000503504
2004	0.00049651
2005	0.00049651
2006	0.000489517
2007	0.000489517
2008	0.000489517
2009	0.000482524
2010	0.000482524
2011	0.000475531
2012	0.000475531
2013	0.000468538
2014	0.000468538
2015	0.000468538
2016	0.000461545
2017	0.000461545
2018	0.000454552
2019	0.000454552
2020	0.000454552
2021	0.000447559
2022	0.000447559
2023	0.000447559
2024	0.000440566
2025	0.000440566
2026	0.000433572
2027	0.000433572
2028	0.000433572
2029	0.000426579
2030	0.000426579
2031	0.000426579
2032	0.000419586
2033	0.000419586
2034	0.000419586
2035	0.000412593
2036	0.000412593
2037	0.000412593
2038	0.0004056
2039	0.0004056
2040	0.0004056
2041	0.000398607
2042	0.000398607
2043	0.000391614
2044	0.000391614
2045	0.000391614
2046	0.000391614
2047	0.000384621
2048	0.000384621
2049	0.000384621
2050	0.000377628
2051	0.000377628
2052	0.000377628
2053	0.000370635
2054	0.000370635
2055	0.000370635
2056	0.000363641
2057	0.000363641
2058	0.000363641
2059	0.000356648
2060	0.000356648
2061	0.000356648
2062	0.000356648
2063	0.000349655
2064	0.000349655
2065	0.000349655
2066	0.000342662
2067	0.000342662
2068	0.000342662
2069	0.000335669
2070	0.000335669
2071	0.000335669
2072	0.000335669
2073	0.000328676
2074	0.000328676
2075	0.000328676
2076	0.000328676
2077	0.000321683
2078	0.000321683
2079	0.000321683
2080	0.00031469
2081	0.00031469
2082	0.00031469
2083	0.00031469
2084	0.000307697
2085	0.000307697
2086	0.000307697
2087	0.000307697
2088	0.000300704
2089	0.000300704
2090	0.000300704
2091	0.000300704
2092	0.00029371
2093	0.00029371
2094	0.00029371
2095	0.00029371
2096	0.000286717
2097	0.000286717
2098	0.000286717
2099	0.000286717
2100	0.000279724
2101	0.000279724
2102	0.000279724
2103	0.000279724
2104	0.000272731
2105	0.000272731
2106	0.000272731
2107	0.000272731
2108	0.000265738
2109	0.000265738
2110	0.000265738
2111	0.000265738
2112	0.000265738
2113	0.000258745
2114	0.000258745
2115	0.000258745
2116	0.000258745
2117	0.000251752
2118	0.000251752
2119	0.000251752
2120	0.000251752
2121	0.000251752
2122	0.000244759
2123	0.000244759
2124	0.000244759
2125	0.000244759
2126	0.000237766
2127	0.000237766
2128	0.000237766
2129	0.000237766
2130	0.000237766
2131	0.000230772
2132	0.000230772
2133	0.000230772
2134	0.000230772
2135	0.000230772
2136	0.000223779
2137	0.000223779
2138	0.000223779
2139	0.000223779
2140	0.000223779
2141	0.000216786
2142	0.000216786
2143	0.000216786
2144	0.000216786
2145	0.000216786
2146	0.000209793
2147	0.000209793
2148	0.000209793
2149	0.000209793
2150	0.000209793
2151	0.000209793
2152	0.0002028
2153	0.0002028
2154	0.0002028
2155	0.0002028
2156	0.0002028
2157	0.000195807
2158	0.000195807
2159	0.000195807
2160	0.000195807
2161	0.000195807
2162	0.000195807
2163	0.000188814
2164	0.000188814
2165	0.000188814
2166	0.000188814
2167	0.000188814
2168	0.000188814
2169	0.000181821
2170	0.000181821
2171	0.000181821
2172	0.000181821
2173	0.000181821
2174	0.000181821
2175	0.000174828
2176	0.000174828
2177	0.000174828
2178	0.000174828
2179	0.000174828
2180	0.000174828
2181	0.000167835
2182	0.000167835
2183	0.000167835
2184	0.000167835
2185	0.000167835
2186	0.000167835
2187	0.000160841
2188	0.000160841
2189	0.000160841
2190	0.000160841
2191	0.000160841
2192	0.000160841
2193	0.000160841
2194	0.000153848
2195	0.000153848
2196	0.000153848
2197	0.000153848
2198	0.000153848
2199	0.000153848
2200	0.000146855
2201	0.000146855
2202	0.000146855
2203	0.000146855
2204	0.000146855
2205	0.000146855
2206	0.000146855
2207	0.000139862
2208	0.000139862
2209	0.000139862
2210	0.000139862
2211	0.000139862
2212	0.000139862
2213	0.000139862
2214	0.000139862
2215	0.000132869
2216	0.000132869
2217	0.000132869
2218	0.000132869
2219	0.000132869
2220	0.000132869
2221	0.000132869
2222	0.000125876
2223	0.000125876
2224	0.000125876
2225	0.000125876
2226	0.000125876
2227	0.000125876
2228	0.000125876
2229	0.000125876
2230	0.000118883
2231	0.000118883
2232	0.000118883
2233	0.000118883
2234	0.000118883
2235	0.000118883
2236	0.000118883
2237	0.000118883
2238	0.00011189
2239	0.00011189
2240	0.00011189
2241	0.00011189
2242	0.00011189
2243	0.00011189
2244	0.00011189
2245	0.00011189
2246	0.000104897
2247	0.000104897
2248	0.000104897
2249	0.000104897
2250	0.000104897
2251	0.000104897
2252	0.000104897
2253	0.000104897
2254	0.000104897
2255	9.79035E-05
2256	9.79035E-05
2257	9.79035E-05
2258	9.79035E-05
2259	9.79035E-05
2260	9.79035E-05
2261	9.79035E-05
2262	9.79035E-05
2263	9.79035E-05
2264	9.09104E-05
2265	9.09104E-05
2266	9.09104E-05
2267	9.09104E-05
2268	9.09104E-05
2269	9.09104E-05
2270	9.09104E-05
2271	9.09104E-05
2272	9.09104E-05
2273	9.09104E-05
2274	8.39173E-05
2275	8.39173E-05
2276	8.39173E-05
2277	8.39173E-05
2278	8.39173E-05
2279	8.39173E-05
2280	8.39173E-05
2281	8.39173E-05
2282	8.39173E-05
2283	8.39173E-05
2284	7.69242E-05
2285	7.69242E-05
2286	7.69242E-05
2287	7.69242E-05
2288	7.69242E-05
2289	7.69242E-05
2290	7.69242E-05
2291	7.69242E-05
2292	7.69242E-05
2293	7.69242E-05
2294	6.9931E-05
2295	6.9931E-05
2296	6.9931E-05
2297	6.9931E-05
2298	6.9931E-05
2299	6.9931E-05
2300	6.9931E-05
2301	6.9931E-05
2302	6.9931E-05
2303	6.9931E-05
2304	6.9931E-05
2305	6.29379E-05
2306	6.29379E-05
2307	6.29379E-05
2308	6.29379E-05
2309	6.29379E-05
2310	6.29379E-05
2311	6.29379E-05
2312	6.29379E-05
2313	6.29379E-05
2314	6.29379E-05
2315	6.29379E-05
2316	6.29379E-05
2317	5.59448E-05
2318	5.59448E-05
2319	5.59448E-05
2320	5.59448E-05
2321	5.59448E-05
2322	5.59448E-05
2323	5.59448E-05
2324	5.59448E-05
2325	5.59448E-05
2326	5.59448E-05
2327	5.59448E-05
2328	5.59448E-05
2329	5.59448E-05
2330	4.89517E-05
2331	4.89517E-05
2332	4.89517E-05
2333	4.89517E-05
2334	4.89517E-05
2335	4.89517E-05
2336	4.89517E-05
2337	4.89517E-05
2338	4.89517E-05
2339	4.89517E-05
2340	4.89517E-05
2341	4.89517E-05
2342	4.89517E-05
2343	4.19586E-05
2344	4.19586E-05
2345	4.19586E-05
2346	4.19586E-05
2347	4.19586E-05
2348	4.19586E-05
2349	4.19586E-05
2350	4.19586E-05
2351	4.19586E-05
2352	4.19586E-05
2353	4.19586E-05
2354	4.19586E-05
2355	4.19586E-05
2356	4.19586E-05
2357	4.19586E-05
2358	3.49655E-05
2359	3.49655E-05
2360	3.49655E-05
2361	3.49655E-05
2362	3.49655E-05
2363	3.49655E-05
2364	3.49655E-05
2365	3.49655E-05
2366	3.49655E-05
2367	3.49655E-05
2368	3.49655E-05
2369	3.49655E-05
2370	3.49655E-05
2371	3.49655E-05
2372	3.49655E-05
2373	3.49655E-05
2374	2.79724E-05
2375	2.79724E-05
2376	2.79724E-05
2377	2.79724E-05
2378	2.79724E-05
2379	2.79724E-05
2380	2.79724E-05
2381	2.79724E-05
2382	2.79724E-05
2383	2.79724E-05
2384	2.79724E-05
2385	2.79724E-05
2386	2.79724E-05
2387	2.79724E-05
2388	2.79724E-05
2389	2.79724E-05
2390	2.79724E-05
2391	2.79724E-05
2392	2.09793E-05
2393	2.09793E-05
2394	2.09793E-05
2395	2.09793E-05
2396	2.09793E-05
2397	2.09793E-05
2398	2.09793E-05
2399	2.09793E-05
2400	2.09793E-05
2401	2.09793E-05
2402	2.09793E-05
2403	2.09793E-05
2404	2.09793E-05
2405	2.09793E-05
2406	2.09793E-05
2407	2.09793E-05
2408	2.09793E-05
2409	2.09793E-05
2410	2.09793E-05
2411	2.09793E-05
2412	2.09793E-05
2413	1.39862E-05
2414	1.39862E-05
2415	1.39862E-05
2416	1.39862E-05
2417	1.39862E-05
2418	1.39862E-05
2419	1.39862E-05
2420	1.39862E-05
2421	1.39862E-05
2422	1.39862E-05
2423	1.39862E-05
2424	1.39862E-05
2425	1.39862E-05
2426	1.39862E-05
2427	1.39862E-05
2428	1.39862E-05
2429	1.39862E-05
2430	1.39862E-05
2431	1.39862E-05
2432	1.39862E-05
2433	1.39862E-05
2434	1.39862E-05
2435	1.39862E-05
2436	1.39862E-05
2437	1.39862E-05
2438	6.9931E-06
2439	6.9931E-06
2440	6.9931E-06
2441	6.9931E-06
2442	6.9931E-06
2443	6.9931E-06
2444	6.9931E-06
2445	6.9931E-06
2446	6.9931E-06
2447	6.9931E-06
2448	6.9931E-06
2449	6.9931E-06
2450	6.9931E-06
2451	6.9931E-06
2452	6.9931E-06
2453	6.9931E-06
2454	6.9931E-06
2455	6.9931E-06
2456	6.9931E-06
2457	6.9931E-06
2458	6.9931E-06
2459	6.9931E-06
2460	6.9931E-06
2461	6.9931E-06
2462	6.9931E-06
2463	6.9931E-06
2464	6.9931E-06
2465	6.9931E-06
2466	6.9931E-06
2467	6.9931E-06
2468	6.9931E-06
2469	6.9931E-06
2470	6.9931E-06
2471	6.9931E-06
2472	0
2473	0
2474	0
2475	0
2476	0
2477	0
2478	0
2479	0
2480	0
2481	0
2482	0
2483	0
2484	0
2485	0
2486	0
2487	0
2488	0
2489	0
2490	0
2491	0
2492	0
2493	0
2494	0
2495	0
2496	0
2497	0
2498	0
2499	0
2500	0
2501	0
2502	0
2503	0
2504	0
2505	0
2506	0
2507	0
2508	0
2509	0
2510	0
2511	0
2512	0
2513	0
2514	0
2515	0
2516	0
2517	0
2518	0
2519	0
2520	0
2521	0
2522	0
2523	0
2524	0
2525	0
2526	0
2527	0
2528	0
2529	0
2530	0
2531	0
2532	0
2533	0
2534	0
2535	0
2536	0
2537	0
2538	0
2539	0
2540	0
2541	0
2542	0
2543	0
2544	0
2545	0
2546	0
2547	0
2548	0
2549	0
2550	0
2551	0
2552	0
2553	0
2554	0
2555	0
2556	0
2557	0
2558	0
2559	0
2560	0
2561	0
2562	0
2563	0
2564	0
2565	0
2566	0
2567	0
2568	0
2569	0
2570	0
2571	0
2572	0
2573	0
2574	0
2575	0
2576	0
2577	0
2578	0
2579	0
2580	6.9931E-06
2581	6.9931E-06
2582	6.9931E-06
2583	6.9931E-06
2584	6.9931E-06
2585	6.9931E-06
2586	6.9931E-06
2587	6.9931E-06
2588	6.9931E-06
2589	6.9931E-06
2590	6.9931E-06
2591	6.9931E-06
2592	6.9931E-06
2593	6.9931E-06
2594	6.9931E-06
2595	6.9931E-06
2596	6.9931E-06
2597	6.9931E-06
2598	6.9931E-06
2599	6.9931E-06
2600	6.9931E-06
2601	6.9931E-06
2602	6.9931E-06
2603	6.9931E-06
2604	6.9931E-06
2605	6.9931E-06
2606	6.9931E-06
2607	6.9931E-06
2608	6.9931E-06
2609	1.39862E-05
2610	1.39862E-05
2611	1.39862E-05
2612	1.39862E-05
2613	1.39862E-05
2614	1.39862E-05
2615	1.39862E-05
2616	1.39862E-05
2617	1.39862E-05
2618	1.39862E-05
2619	1.39862E-05
2620	1.39862E-05
2621	1.39862E-05
2622	1.39862E-05
2623	1.39862E-05
2624	1.39862E-05
2625	1.39862E-05
2626	1.39862E-05
2627	1.39862E-05
2628	1.39862E-05
2629	1.39862E-05
2630	2.09793E-05
2631	2.09793E-05
2632	2.09793E-05
2633	2.09793E-05
2634	2.09793E-05
2635	2.09793E-05
2636	2.09793E-05
2637	2.09793E-05
2638	2.09793E-05
2639	2.09793E-05
2640	2.09793E-05
2641	2.09793E-05
2642	2.09793E-05
2643	2.09793E-05
2644	2.09793E-05
2645	2.09793E-05
2646	2.79724E-05
2647	2.79724E-05
2648	2.79724E-05
2649	2.79724E-05
2650	2.79724E-05
2651	2.79724E-05
2652	2.79724E-05
2653	2.79724E-05
2654	2.79724E-05
2655	2.79724E-05
2656	2.79724E-05
2657	2.79724E-05
2658	2.79724E-05
2659	3.49655E-05
2660	3.49655E-05
2661	3.49655E-05
2662	3.49655E-05
2663	3.49655E-05
2664	3.49655E-05
2665	3.49655E-05
2666	3.49655E-05
2667	3.49655E-05
2668	3.49655E-05
2669	3.49655E-05
2670	3.49655E-05
2671	4.19586E-05
2672	4.19586E-05
2673	4.19586E-05
2674	4.19586E-05
2675	4.19586E-05
2676	4.19586E-05
2677	4.19586E-05
2678	4.19586E-05
2679	4.19586E-05
2680	4.19586E-05
2681	4.89517E-05
2682	4.89517E-05
2683	4.89517E-05
2684	4.89517E-05
2685	4.89517E-05
2686	4.89517E-05
2687	4.89517E-05
2688	4.89517E-05
2689	4.89517E-05
2690	5.59448E-05
2691	5.59448E-05
2692	5.59448E-05
2693	5.59448E-05
2694	5.59448E-05
2695	5.59448E-05
2696	5.59448E-05
2697	5.59448E-05
2698	5.59448E-05
2699	6.29379E-05
2700	6.29379E-05
2701	6.29379E-05
2702	6.29379E-05
2703	6.29379E-05
2704	6.29379E-05
2705	6.29379E-05
2706	6.29379E-05
2707	6.9931E-05
2708	6.9931E-05
2709	6.9931E-05
2710	6.9931E-05
2711	6.9931E-05
2712	6.9931E-05
2713	6.9931E-05
2714	7.69242E-05
2715	7.69242E-05
2716	7.69242E-05
2717	7.69242E-05
2718	7.69242E-05
2719	7.69242E-05
2720	7.69242E-05
2721	8.39173E-05
2722	8.39173E-05
2723	8.39173E-05
2724	8.39173E-05
2725	8.39173E-05
2726	8.39173E-05
2727	9.09104E-05
2728	9.09104E-05
2729	9.09104E-05
2730	9.09104E-05
2731	9.09104E-05
2732	9.09104E-05
2733	9.79035E-05
2734	9.79035E-05
2735	9.79035E-05
2736	9.79035E-05
2737	9.79035E-05
2738	0.000104897
2739	0.000104897
2740	0.000104897
2741	0.000104897
2742	0.000104897
2743	0.000104897
2744	0.00011189
2745	0.00011189
2746	0.00011189
2747	0.00011189
2748	0.00011189
2749	0.000118883
2750	0.000118883
2751	0.000118883
2752	0.000118883
2753	0.000118883
2754	0.000125876
2755	0.000125876
2756	0.000125876
2757	0.000125876
2758	0.000132869
2759	0.000132869
2760	0.000132869
2761	0.000132869
2762	0.000132869
2763	0.000139862
2764	0.000139862
2765	0.000139862
2766	0.000139862
2767	0.000146855
2768	0.000146855
2769	0.000146855
2770	0.000146855
2771	0.000153848
2772	0.000153848
2773	0.000153848
2774	0.000153848
2775	0.000160841
2776	0.000160841
2777	0.000160841
2778	0.000167835
2779	0.000167835
2780	0.000167835
2781	0.000167835
2782	0.000174828
2783	0.000174828
2784	0.000174828
2785	0.000181821
2786	0.000181821
2787	0.000181821
2788	0.000181821
2789	0.000188814
2790	0.000188814
2791	0.000188814
2792	0.000195807
2793	0.000195807
2794	0.000195807
2795	0.0002028
2796	0.0002028
2797	0.0002028
2798	0.000209793
2799	0.000209793
2800	0.000209793
2801	0.000216786
2802	0.000216786
2803	0.000216786
2804	0.000223779
2805	0.000223779
2806	0.000230772
2807	0.000230772
2808	0.000230772
2809	0.000237766
2810	0.000237766
2811	0.000237766
2812	0.000244759
2813	0.000244759
2814	0.000251752
2815	0.000251752
2816	0.000251752
2817	0.000258745
2818	0.000258745
2819	0.000265738
2820	0.000265738
2821	0.000272731
2822	0.000272731
2823	0.000272731
2824	0.000279724
2825	0.000279724
2826	0.000286717
2827	0.000286717
2828	0.00029371
2829	0.00029371
2830	0.000300704
2831	0.000300704
2832	0.000307697
2833	0.000307697
2834	0.00031469
2835	0.00031469
2836	0.000321683
2837	0.000321683
2838	0.000328676
2839	0.000328676
2840	0.000335669
2841	0.000335669
2842	0.000342662
2843	0.000349655
2844	0.000349655
2845	0.000356648
2846	0.000356648
2847	0.000363641
2848	0.000363641
2849	0.000370635
2850	0.000377628
2851	0.000377628
2852	0.000384621
2853	0.000391614
2854	0.000391614
2855	0.000398607
2856	0.0004056
2857	0.0004056
2858	0.000412593
2859	0.000419586
2860	0.000419586
2861	0.000426579
2862	0.000433572
2863	0.000433572
2864	0.000440566
2865	0.000447559
2866	0.000454552
2867	0.000454552
2868	0.000461545
2869	0.000468538
2870	0.000475531
2871	0.000482524
2872	0.000482524
2873	0.000489517
2874	0.00049651
2875	0.000503504
2876	0.000510497
2877	0.00051749
2878	0.00051749
2879	0.000524483
2880	0.000531476
2881	0.000538469
2882	0.000545462
2883	0.000552455
2884	0.000559448
2885	0.000566441
2886	0.000573435
2887	0.000580428
2888	0.000587421
2889	0.000594414
2890	0.000601407
2891	0.0006084
2892	0.000615393
2893	0.000622386
2894	0.000629379
2895	0.000636373
2896	0.000650359
2897	0.000657352
2898	0.000664345
2899	0.000671338
2900	0.000678331
2901	0.000685324
2902	0.00069931
2903	0.000706304
2904	0.000713297
2905	0.000727283
2906	0.000734276
2907	0.000741269
2908	0.000755255
2909	0.000762248
2910	0.000769242
2911	0.000783228
2912	0.000790221
2913	0.000804207
2914	0.0008112
2915	0.000825186
2916	0.000832179
2917	0.000846166
2918	0.000853159
2919	0.000867145
2920	0.000881131
2921	0.000888124
2922	0.000902111
2923	0.000916097
2924	0.00092309
2925	0.000937076
2926	0.000951062
2927	0.000965048
2928	0.000979035
2929	0.000993021
2930	0.001007007
2931	0.001020993
2932	0.00103498
2933	0.001048966
2934	0.001062952
2935	0.001076938
2936	0.001090924
2937	0.001104911
2938	0.00112589
2939	0.001139876
2940	0.001153862
2941	0.001174842
2942	0.001188828
2943	0.001202814
2944	0.001223793
2945	0.00123778
2946	0.001258759
2947	0.001279738
2948	0.001293724
2949	0.001314704
2950	0.001335683
2951	0.001356662
2952	0.001377642
2953	0.001398621
2954	0.0014196
2955	0.00144058
2956	0.001461559
2957	0.001482538
2958	0.001510511
2959	0.00153149
2960	0.001552469
2961	0.001580442
2962	0.001601421
2963	0.001629393
2964	0.001657366
2965	0.001685338
2966	0.001713311
2967	0.001741283
2968	0.001769256
2969	0.001797228
2970	0.0018252
2971	0.001860166
2972	0.001888138
2973	0.001923104
2974	0.001951076
2975	0.001986042
2976	0.002021007
2977	0.002055973
2978	0.002090938
2979	0.002125904
2980	0.002167862
2981	0.002202828
2982	0.002244787
2983	0.002286745
2984	0.002328704
2985	0.002370663
2986	0.002412621
2987	0.00245458
2988	0.002503532
2989	0.002552483
2990	0.002601435
2991	0.002650387
2992	0.002699338
2993	0.002755283
2994	0.002804235
2995	0.00286018
2996	0.002916125
2997	0.002979063
2998	0.003042001
2999	0.003097945
3000	0.003167876
3001	0.003230814
3002	0.003300745
3003	0.003370677
3004	0.003440608
3005	0.003517532
3006	0.003594456
3007	0.00367138
3008	0.003748304
3009	0.003839215
3010	0.003923132
3011	0.004014042
3012	0.004104953
3013	0.004202856
3014	0.004300759
3015	0.004405656
3016	0.004510553
3017	0.004615449
3018	0.004734332
3019	0.004853215
3020	0.004972098
3021	0.005097973
3022	0.005230842
3023	0.005370704
3024	0.005510567
3025	0.005657422
3026	0.00581127
3027	0.005972111
3028	0.006132953
3029	0.006307781
3030	0.006489601
3031	0.006678415
3032	0.006874222
3033	0.007077022
3034	0.007286815
3035	0.007510595
3036	0.00774836
3037	0.007993119
3038	0.008244871
3039	0.008517602
3040	0.008797326
3041	0.009091036
3042	0.009405726
3043	0.009727409
3044	0.010077064
3045	0.010440705
3046	0.010818333
3047	0.011223933
3048	0.011650513
3049	0.012105064
3050	0.012580596
3051	0.013091092
3052	0.013629561
3053	0.014202996
3054	0.014818389
3055	0.015468748
3056	0.016161065
3057	0.016909327
3058	0.017706541
3059	0.0185597
3060	0.01948279
3061	0.020475811
3062	0.021545756
3063	0.022699618
3064	0.023958377
3065	0.025315039
3066	0.026804571
3067	0.028419978
3068	0.030196227
3069	0.032147303
3070	0.034294186
3071	0.036671842
3072	0.039301249
3073	0.042238353
3074	0.045518119
3075	0.049196492
3076	0.05335739
3077	0.058070742
3078	0.06344844
3079	0.069616358
3080	0.076735339
3081	0.085015175
3082	0.094721604
3083	0.10617631
3084	0.119819858
3085	0.136218688
3086	0.156128058
3087	0.180520007
3088	0.210695254
3089	0.248311165
3090	0.295416719
3091	0.354291668
3092	0.426831144
3093	0.513084099
3094	0.608637883
3095	0.702268563
3096	0.778192702
3097	0.825598959
3098	0.846340508
3099	0.848158716
3100	0.831571071
3101	0.789059987
3102	0.717702345
3103	0.627274507
3104	0.533629841
3105	0.44869159
3106	0.37749479
3107	0.320354131
3108	0.275528329
3109	0.240807564
3110	0.214212786
3111	0.194156562
3112	0.179464048
3113	0.169324046
3114	0.163212073
3115	0.160869383
3116	0.162288983
3117	0.167680667
3118	0.177526958
3119	0.192597099
3120	0.213961034
3121	0.242954447
3122	0.280899034
3123	0.328466132
3124	0.384152226
3125	0.442229961
3126	0.491629254
3127	0.518839424
3128	0.514706499
3129	0.479880837
3130	0.424404537
3131	0.361746318
3132	0.302283948
3133	0.251031483
3134	0.209016909
3135	0.175338117
3136	0.148505574
3137	0.127085694
3138	0.109854683
3139	0.095875467
3140	0.084413768
3141	0.074917132
3142	0.066979958
3143	0.060280563
3144	0.05457419
3145	0.049672023
3146	0.045434202
3147	0.041734849
3148	0.038497042
3149	0.035643855
3150	0.033112351
3151	0.030853578
3152	0.028832571
3153	0.027014364
3154	0.025370984
3155	0.02387446
3156	0.022524791
3157	0.021287011
3158	0.020154128
3159	0.019112155
3160	0.0181541
3161	0.017265976
3162	0.016447782
3163	0.015692527
3164	0.014986224
3165	0.014328872
3166	0.013713479
3167	0.013140044
3168	0.012601575
3169	0.012098071
3170	0.01162254
3171	0.011181975
3172	0.010762388
3173	0.010363781
3174	0.009993147
3175	0.009636498
3176	0.009300829
3177	0.00898614
3178	0.008685436
3179	0.008398719
3180	0.008125988
3181	0.007867243
3182	0.007622484
3183	0.007391712
3184	0.007160939
3185	0.006951146
3186	0.006748346
3187	0.006552539
3188	0.006363725
3189	0.006181905
3190	0.00601407
3191	0.005846236
3192	0.005685394
3193	0.005538539
3194	0.005391684
3195	0.005251822
3196	0.00511196
3197	0.004986084
3198	0.004860208
3199	0.004741325
3200	0.004622442
3201	0.004510553
3202	0.004405656
3203	0.004300759
3204	0.004195863
3205	0.004097959
3206	0.004007049
3207	0.003916139
3208	0.003825228
3209	0.003741311
3210	0.003657394
3211	0.00358047
3212	0.003503546
3213	0.003426621
3214	0.00335669
3215	0.003279766
3216	0.003216828
3217	0.003146897
3218	0.003083959
3219	0.003021021
3220	0.002958083
3221	0.002902138
3222	0.002846194
3223	0.002790249
3224	0.002734304
3225	0.002678359
3226	0.002629407
3227	0.002580456
3228	0.002531504
3229	0.002482552
3230	0.0024336
3231	0.002391642
3232	0.002349683
3233	0.002307725
3234	0.002265766
3235	0.002223807
3236	0.002181849
3237	0.002146883
3238	0.002104925
3239	0.002069959
3240	0.002034993
3241	0.002000028
3242	0.001965062
3243	0.001930097
3244	0.001895131
3245	0.001867159
3246	0.001832193
3247	0.001804221
3248	0.001776249
3249	0.001748276
3250	0.001713311
3251	0.001692331
3252	0.001664359
3253	0.001636387
3254	0.001608414
3255	0.001580442
3256	0.001559462
3257	0.00153149
3258	0.001510511
3259	0.001482538
3260	0.001461559
3261	0.00144058
3262	0.0014196
3263	0.001398621
3264	0.001377642
3265	0.001356662
3266	0.001335683
3267	0.001314704
3268	0.001293724
3269	0.001272745
3270	0.001258759
3271	0.00123778
3272	0.0012168
3273	0.001202814
3274	0.001181835
3275	0.001167849
3276	0.001146869
3277	0.001132883
3278	0.001118897
3279	0.001104911
3280	0.001083931
3281	0.001069945
3282	0.001055959
3283	0.001041973
3284	0.001027986
3285	0.001014
3286	0.001000014
3287	0.000986028
3288	0.000972042
3289	0.000958055
3290	0.000944069
3291	0.000930083
3292	0.000916097
3293	0.000909104
3294	0.000895117
3295	0.000881131
3296	0.000867145
3297	0.000860152
3298	0.000846166
3299	0.000832179
3300	0.000825186
3301	0.0008112
3302	0.000804207
3303	0.000790221
3304	0.000783228
3305	0.000769242
3306	0.000762248
3307	0.000748262
3308	0.000741269
3309	0.000734276
3310	0.00072029
3311	0.000713297
3312	0.000706304
3313	0.000692317
3314	0.000685324
3315	0.000678331
3316	0.000671338
3317	0.000657352
3318	0.000650359
3319	0.000643366
3320	0.000636373
3321	0.000629379
3322	0.000622386
3323	0.0006084
3324	0.000601407
3325	0.000594414
3326	0.000587421
3327	0.000580428
3328	0.000573435
3329	0.000566441
3330	0.000559448
3331	0.000552455
3332	0.000545462
3333	0.000538469
3334	0.000531476
3335	0.000524483
3336	0.00051749
3337	0.000510497
3338	0.000510497
3339	0.000503504
3340	0.00049651
3341	0.000489517
3342	0.000482524
3343	0.000475531
3344	0.000468538
3345	0.000468538
3346	0.000461545
3347	0.000454552
3348	0.000447559
3349	0.000440566
3350	0.000440566
3351	0.000433572
3352	0.000426579
3353	0.000419586
3354	0.000419586
3355	0.000412593
3356	0.0004056
3357	0.0004056
3358	0.000398607
3359	0.000391614
3360	0.000391614
3361	0.000384621
3362	0.000377628
3363	0.000377628
3364	0.000370635
3365	0.000363641
3366	0.000363641
3367	0.000356648
3368	0.000356648
3369	0.000349655
3370	0.000342662
3371	0.000342662
3372	0.000335669
3373	0.000335669
3374	0.000328676
3375	0.000328676
3376	0.000321683
3377	0.000321683
3378	0.00031469
3379	0.000307697
3380	0.000307697
3381	0.000300704
3382	0.000300704
3383	0.00029371
3384	0.00029371
3385	0.000286717
3386	0.000286717
3387	0.000286717
3388	0.000279724
3389	0.000279724
3390	0.000272731
3391	0.000272731
3392	0.000265738
3393	0.000265738
3394	0.000258745
3395	0.000258745
3396	0.000258745
3397	0.000251752
3398	0.000251752
3399	0.000244759
3400	0.000244759
3401	0.000244759
3402	0.000237766
3403	0.000237766
3404	0.000230772
3405	0.000230772
3406	0.000230772
3407	0.000223779
3408	0.000223779
3409	0.000223779
3410	0.000216786
3411	0.000216786
3412	0.000209793
3413	0.000209793
3414	0.000209793
3415	0.0002028
3416	0.0002028
3417	0.0002028
3418	0.000195807
3419	0.000195807
3420	0.000195807
3421	0.000195807
3422	0.000188814
3423	0.000188814
3424	0.000188814
3425	0.000181821
3426	0.000181821
3427	0.000181821
3428	0.000181821
3429	0.000174828
3430	0.000174828
3431	0.000174828
3432	0.000167835
3433	0.000167835
3434	0.000167835
3435	0.000167835
3436	0.000160841
3437	0.000160841
3438	0.000160841
3439	0.000160841
3440	0.000153848
3441	0.000153848
3442	0.000153848
3443	0.000153848
3444	0.000153848
3445	0.000146855
3446	0.000146855
3447	0.000146855
3448	0.000146855
3449	0.000146855
3450	0.000139862
3451	0.000139862
3452	0.000139862
3453	0.000139862
3454	0.000139862
3455	0.000132869
3456	0.000132869
3457	0.000132869
3458	0.000132869
3459	0.000132869
3460	0.000125876
3461	0.000125876
3462	0.000125876
3463	0.000125876
3464	0.000125876
3465	0.000125876
3466	0.000125876
3467	0.000118883
3468	0.000118883
3469	0.000118883
3470	0.000118883
3471	0.000118883
3472	0.000118883
3473	0.000118883
3474	0.00011189
3475	0.00011189
3476	0.00011189
3477	0.00011189
3478	0.00011189
3479	0.00011189
3480	0.00011189
3481	0.00011189
3482	0.000104897
3483	0.000104897
3484	0.000104897
3485	0.000104897
3486	0.000104897
3487	0.000104897
3488	0.000104897
3489	0.000104897
3490	0.000104897
3491	0.000104897
3492	0.000104897
3493	9.79035E-05
3494	9.79035E-05
3495	9.79035E-05
3496	9.79035E-05
3497	9.79035E-05
3498	9.79035E-05
3499	9.79035E-05
3500	9.79035E-05
3501	9.79035E-05
3502	9.79035E-05
3503	9.79035E-05
3504	9.79035E-05
3505	9.79035E-05
3506	9.79035E-05
3507	9.79035E-05
3508	9.79035E-05
3509	9.79035E-05
3510	9.79035E-05
3511	9.79035E-05
3512	9.79035E-05
3513	9.09104E-05
3514	9.09104E-05
3515	9.09104E-05
3516	9.09104E-05
3517	9.09104E-05
3518	9.09104E-05
3519	9.09104E-05
3520	9.09104E-05
3521	9.09104E-05
3522	9.09104E-05
3523	9.09104E-05
3524	9.09104E-05
3525	9.09104E-05
3526	9.09104E-05
3527	9.79035E-05
3528	9.79035E-05
3529	9.79035E-05
3530	9.79035E-05
3531	9.79035E-05
3532	9.79035E-05
3533	9.79035E-05
3534	9.79035E-05
3535	9.79035E-05
3536	9.79035E-05
3537	9.79035E-05
3538	9.79035E-05
3539	9.79035E-05
3540	9.79035E-05
3541	9.79035E-05
3542	9.79035E-05
3543	9.79035E-05
3544	9.79035E-05
3545	9.79035E-05
3546	0.000104897
3547	0.000104897
3548	0.000104897
3549	0.000104897
3550	0.000104897
3551	0.000104897
3552	0.000104897
3553	0.000104897
3554	0.000104897
3555	0.000104897
3556	0.00011189
3557	0.00011189
3558	0.00011189
3559	0.00011189
3560	0.00011189
3561	0.00011189
3562	0.00011189
3563	0.000118883
3564	0.000118883
3565	0.000118883
3566	0.000118883
3567	0.000118883
3568	0.000118883
3569	0.000125876
3570	0.000125876
3571	0.000125876
3572	0.000125876
3573	0.000125876
3574	0.000125876
3575	0.000132869
3576	0.000132869
3577	0.000132869
3578	0.000132869
3579	0.000139862
3580	0.000139862
3581	0.000139862
3582	0.000139862
3583	0.000139862
3584	0.000146855
3585	0.000146855
3586	0.000146855
3587	0.000153848
3588	0.000153848
3589	0.000153848
3590	0.000153848
3591	0.000160841
3592	0.000160841
3593	0.000160841
3594	0.000167835
3595	0.000167835
3596	0.000167835
3597	0.000174828
3598	0.000174828
3599	0.000174828
3600	0.000181821
3601	0.000181821
3602	0.000181821
3603	0.000188814
3604	0.000188814
3605	0.000195807
3606	0.000195807
3607	0.000195807
3608	0.0002028
3609	0.0002028
3610	0.000209793
3611	0.000209793
3612	0.000216786
3613	0.000216786
3614	0.000223779
3615	0.000223779
3616	0.000230772
3617	0.000230772
3618	0.000237766
3619	0.000237766
3620	0.000244759
3621	0.000244759
3622	0.000251752
3623	0.000251752
3624	0.000258745
3625	0.000265738
3626	0.000265738
3627	0.000272731
3628	0.000272731
3629	0.000279724
3630	0.000286717
3631	0.000286717
3632	0.00029371
3633	0.000300704
3634	0.000307697
3635	0.000307697
3636	0.00031469
3637	0.000321683
3638	0.000328676
3639	0.000328676
3640	0.000335669
3641	0.000342662
3642	0.000349655
3643	0.000356648
3644	0.000363641
3645	0.000370635
3646	0.000377628
3647	0.000377628
3648	0.000384621
3649	0.000391614
3650	0.000398607
3651	0.0004056
3652	0.000419586
3653	0.000426579
3654	0.000433572
3655	0.000440566
3656	0.000447559
3657	0.000454552
3658	0.000461545
3659	0.000475531
3660	0.000482524
3661	0.000489517
3662	0.000503504
3663	0.000510497
3664	0.00051749
3665	0.000531476
3666	0.000538469
3667	0.000552455
3668	0.000559448
3669	0.000573435
3670	0.000587421
3671	0.000594414
3672	0.0006084
3673	0.000622386
3674	0.000629379
3675	0.000643366
3676	0.000657352
3677	0.000671338
3678	0.000685324
3679	0.00069931
3680	0.000713297
3681	0.000727283
3682	0.000748262
3683	0.000762248
3684	0.000776235
3685	0.000797214
3686	0.0008112
3687	0.000825186
3688	0.000846166
3689	0.000867145
3690	0.000881131
3691	0.000902111
3692	0.00092309
3693	0.000944069
3694	0.000965048
3695	0.000986028
3696	0.001014
3697	0.00103498
3698	0.001055959
3699	0.001083931
3700	0.001111904
3701	0.001132883
3702	0.001160855
3703	0.001188828
3704	0.001223793
3705	0.001251766
3706	0.001279738
3707	0.001314704
3708	0.001349669
3709	0.001384635
3710	0.0014196
3711	0.001454566
3712	0.001489531
3713	0.00153149
3714	0.001573449
3715	0.001615407
3716	0.001657366
3717	0.001706318
3718	0.001748276
3719	0.001797228
3720	0.001853173
3721	0.001902125
3722	0.001958069
3723	0.002014014
3724	0.002076952
3725	0.00213989
3726	0.002202828
3727	0.002272759
3728	0.00234269
3729	0.002412621
3730	0.002489545
3731	0.002573463
3732	0.00265738
3733	0.002741297
3734	0.002832207
3735	0.002930111
3736	0.003028014
3737	0.003132911
3738	0.003244801
3739	0.003363683
3740	0.003482566
3741	0.003615435
3742	0.003748304
3743	0.003895159
3744	0.004042015
3745	0.004202856
3746	0.00437069
3747	0.004552511
3748	0.004741325
3749	0.004937132
3750	0.005153918
3751	0.005377698
3752	0.005622456
3753	0.005881201
3754	0.006153932
3755	0.006447643
3756	0.006762332
3757	0.007098001
3758	0.007461643
3759	0.007846264
3760	0.00826585
3761	0.008720402
3762	0.009209919
3763	0.009741395
3764	0.010321823
3765	0.010944209
3766	0.011629533
3767	0.012384789
3768	0.013209975
3769	0.014112085
3770	0.015112099
3771	0.01621701
3772	0.017447796
3773	0.018825438
3774	0.020356928
3775	0.022084225
3776	0.024035301
3777	0.026245122
3778	0.028769633
3779	0.031657785
3780	0.03500049
3781	0.038867676
3782	0.043399208
3783	0.048727954
3784	0.055056714
3785	0.062630247
3786	0.071784221
3787	0.082945216
3788	0.09669366
3789	0.113784808
3790	0.135211681
3791	0.162247024
3792	0.196415334
3793	0.239262088
3794	0.291682401
3795	0.352445489
3796	0.415747073
3797	0.469496077
3798	0.498048924
3799	0.491055819
3800	0.451265053
3801	0.392257234
3802	0.32895565
3803	0.271010783
3804	0.222205905
3805	0.182771787
3806	0.151449671
3807	0.126659114
3808	0.106973524
3809	0.091232045
3810	0.078525574
3811	0.068168786
3812	0.059644191
3813	0.052560176
3814	0.046630023
3815	0.041615967
3816	0.037350173
3817	0.033685786
3818	0.030524902
3819	0.027776612
3820	0.025377977
3821	0.02326606
3822	0.021405894
3823	0.019748528
3824	0.018279976
3825	0.016958279
3826	0.015776444
3827	0.014713492
3828	0.013748444
3829	0.012874306
3830	0.012077092
3831	0.011349809
3832	0.010685464
3833	0.010077064
3834	0.009517616
3835	0.009000126
3836	0.008524595
3837	0.008084029
3838	0.007678429
3839	0.007300801
3840	0.006944153
3841	0.006615477
3842	0.006307781
3843	0.006021063
3844	0.005755325
3845	0.005503573
3846	0.005265808
3847	0.005042029
3848	0.004832235
3849	0.004636428
3850	0.004454608
3851	0.00427978
3852	0.004111946
3853	0.003958097
3854	0.003804249
3855	0.003664387
3856	0.003531518
3857	0.003405642
3858	0.003286759
3859	0.003167876
3860	0.00306298
3861	0.002958083
3862	0.002853187
3863	0.002762276
3864	0.002671366
3865	0.002580456
3866	0.002503532
3867	0.002419614
3868	0.00234269
3869	0.002272759
3870	0.002202828
3871	0.002132897
3872	0.002069959
3873	0.002007021
3874	0.001951076
3875	0.001895131
3876	0.001839187
3877	0.001783242
3878	0.00173429
3879	0.001685338
3880	0.001636387
3881	0.001594428
3882	0.001552469
3883	0.001510511
3884	0.001468552
3885	0.001426593
3886	0.001391628
3887	0.001349669
3888	0.001314704
3889	0.001279738
3890	0.001251766
3891	0.0012168
3892	0.001181835
3893	0.001153862
3894	0.00112589
3895	0.001097917
3896	0.001069945
3897	0.001041973
3898	0.001014
3899	0.000993021
3900	0.000965048
